*
 1      0.753750787900      0.049693462200 ##
           8 s
    309.100752339000      0.000788699200      0.000338368600
     47.285825712600      0.006791125401      0.001369067200
     10.653669696100      0.032461305303      0.013383397201
      2.949511059200      0.143240187414      0.034333195003
      0.934251794000      0.371146054037      0.170486568517
      0.373241269100      0.498876631049      0.000182747300
      0.178580679100      0.539099722353      0.000136288300
      0.054585396900      0.548749463654     -0.599813390159
*
*
 2      0.861759010200      0.033809839300 ##
           8 s
    282.070879510800      0.003569041600      0.000210959400
     44.236766939300      0.025093851103      0.000395110800
     10.740292597900      0.113236199013      0.000337401800
      3.171126040400      0.346595348039      0.002749019700
      0.976449489100      0.705805160679      0.029115102503
      0.450114274600      0.277399001931      0.001184853900
      0.254514479200      0.056679495006     -0.479153647454
      0.240094342300      0.536733725660      0.000743941400
*
*
 3      0.768990558900     -0.750897480600 ##
           5 s
      3.792273312400      0.008636682001     -0.000056175300
      0.558467315700     -0.181823755820     -0.131142959215
      0.150068384400      0.024360146503      0.141814163616
      0.070099559900      0.445888798550      0.002365424200
      0.029918383200      0.876045256898     -0.514220761258
*
*
 4      0.944016407200      0.054179755300 ##
           6 s
      6.956161922400      0.011320942501      0.000344706200
      1.257483046400     -0.232796852711     -0.001037881000
      0.434408981600      0.053701151403      0.000681274900
      0.183201529600      0.597449635329      0.000581134400
      0.065942327200      0.765170058637     -0.387027702719
      0.022206456700      0.019035823501      0.000526904900
*
*
 5      0.759001611600      0.208008800300 ##
           6 s
      1.549367239200     -0.535858042634      0.001074984500
      1.177328696600      0.410743366126      0.002218155900
      0.304054446100      0.559946395735      0.004864804300
      0.115454992400      0.457193384529      0.020802557401
      0.079159154400      0.091810519306     -0.328125984121
      0.054074788700      0.114678319307      0.013542913301
           6 p
      8.801314237700      0.024812490803     -0.001339607800
      2.353746786500      0.132542188217      0.015287904202
      0.699687410200      0.523532255067      0.002116458300
      0.238036794400      0.656433529184      0.004926720901
      0.083590456200      0.215761522628      0.005327519101
      0.075857233600      0.479867558461     -0.483777397962
*
*
 6      0.694161384500      0.115480610300 ##
           6 s
      2.178685329100     -0.658834217529      0.000536239900
      1.915007554700      0.570352616625      0.000367519400
      0.511727659300      0.339196325615      0.000433554300
      0.215428492900      0.321080260914      0.000195397800
      0.134786122100      0.059845444303     -0.210644430409
      0.077764066800      0.137503483806      0.000156550500
           6 p
     22.141147606700      0.009819720801      0.001010243200
      5.986218107500      0.074832043309      0.000561527500
      2.087791611400      0.237952391229      0.000450313000
      0.748757771800      0.579074789870      0.000888254100
      0.272832159900      0.557677797767      0.000668615900
      0.094078939600      0.539768709265     -0.360011326243
*
*
 7      0.138356712400      0.343321464300 ##
           6 s
      2.718610938700     -0.617354463257      0.000354091500
      2.237719890700      0.579840857353      0.000357178600
      0.614940393100      0.415710210038      0.000353673400
      0.303050455000      0.288843649027      0.000200460400
      0.153603452300      0.152112813614      0.000333704800
      0.057274579400      0.057219808305     -0.103678947010
           6 p
     26.180418241700      0.018472846601      0.001358101000
      6.780116226800      0.124468688608      0.001940725500
      2.250521285800      0.362651660024      0.033977941002
      0.821677511100      0.661877464544      0.001414933100
      0.291325130000      0.609680522341      0.000900582800
      0.088022826400      0.207021630714     -0.356502428724
*
*
 8      0.339439006700      0.022083067000 ##
           6 s
      3.493326024800     -0.604239685550     -0.001114040200
      2.835275323300      0.597238268350      0.005454827200
      0.740944383100      0.446609298037      0.007095295401
      0.361547744600      0.235031175320      0.002015222700
      0.225618472700      0.133157835711      0.001582303400
      0.095768700800      0.075962658906     -0.068420220506
           6 p
     37.701556179100      0.017782485701      0.001162903900
      9.660435195900      0.119339709306      0.005377664500
      3.094298371100      0.358745555119      0.022641453601
      1.100144929100      0.623965913633      0.034391416802
      0.389097349600      0.622899355733      0.001774116700
      0.123566906900      0.281791367715     -0.293529798416
*
*
 9      0.209741719500      0.015551561600 ##
           6 s
      6.870674768800     -0.467130675839     -0.003531389000
      5.159834405600      0.282199335823      0.006536718201
      1.391676967100      0.511708234542      0.006522557201
      0.729436668700      0.386225003432      0.002917228500
      0.422298372500      0.517506346543      0.006554490301
      0.157566964800      0.152723859513     -0.111482823209
           6 p
     53.621384846600      0.017551886502      0.000064653800
     14.849478472600      0.101521962909      0.000771406200
      4.735051285100      0.308219671228      0.003064879600
      1.683034651100      0.584642209753      0.002210181100
      0.565886388900      0.675887824361      0.001500684700
      0.176426633500      0.309443035228     -0.239073042822
*
*
10      0.139206161400      0.011830022400 ##
           6 s
      8.876891919200     -0.430867277744     -0.000762439100
      7.507018836600      0.274066439228      0.001079948000
      1.754606983800      0.522081518453      0.001030076000
      0.696788637300      0.656926855567      0.001415011700
      0.326174646900      0.179826757418      0.001347771600
      0.160266272900      0.052738104805     -0.030451748403
           6 p
     68.048463131400      0.016220768102      0.000482133200
     17.719979699500      0.110953300311      0.001321972800
      5.770967418700      0.326979050033      0.000940639900
      2.077044948100      0.592543921061      0.001192041500
      0.714292213400      0.666489237068      0.001262462900
      0.230906128400      0.291881399130     -0.097592373710
*
*
11      0.888220805700     -0.036955558500 ##
           4 s
      2.081445703900      0.020129059519      0.000156646541
      0.546480547800     -0.264400180918      0.000051903407
      0.075093419000      0.376415226157      0.001490402779
      0.029314347400      0.887693045377     -0.471727650259
*
*
12      2.170960864400     -0.257769792100 ##
           4 s
      2.580454033900      0.028510542211      0.001010006121
      0.803595121800     -0.275409874211     -0.001014221964
      0.130349325100      0.501968888907      0.006214143626
      0.053829234800      0.819367917812     -0.196452119504
*
*
13      1.554843741100      0.089167706100 ##
           6 s
      3.456783226100      0.034548225801      0.001071289900
      0.986878508600     -0.400792029811     -0.003125880900
      0.575971189700      0.094903200503      0.001558410300
      0.183249067200      0.665506982218      0.005458953400
      0.070506999300      0.608071015916      0.004868636200
      0.063503053900      0.128513219903     -0.227224454706
           5 p
      0.895559669900     -0.139081173415      0.000762130100
      0.418669064000      0.275318352629      0.008241332601
      0.149980922900      0.582980791162      0.004269801000
      0.053984919700      0.747917825980      0.004504618100
      0.051636388400      0.074890283908     -0.343857575237
*
*
14      1.263797066300      0.015373642300 ##
           6 s
      3.986391695800      0.047111317806      0.003878086200
      1.380994601400     -0.388684126346     -0.000424577500
      0.269402493700      0.688433251482      0.002005398500
      0.132306076500      0.388204926446      0.001761724700
      0.095968167400      0.144597215417     -0.294978468435
      0.075552504100      0.448501295753      0.001557707700
           5 p
      1.222510033000     -0.104266524307     -0.002239550300
      0.487372528800      0.343194353323      0.014313272601
      0.187543634300      0.613256925141      0.001473892200
      0.072986413100      0.703707245247     -0.280098543219
      0.064006557400      0.007627877201      0.001102551600
*
*
15      0.340988281600      0.338217257900 ##
           6 s
      7.804176854600      0.029742764004      0.000468033200
      1.476552346200     -0.377039046350     -0.000612197900
      0.397661163500      0.604914973981      0.011747492902
      0.164430548300      0.690067634192      0.001791167900
      0.061808614200      0.103649280714      0.000149812600
      0.047542693400      0.064017861709     -0.071426387910
           6 p
      1.255646107800     -0.149013670515     -0.002129911300
      0.780778818700      0.305970435831      0.001660899300
      0.357190409500      0.633777228964      0.001220198900
      0.235995444200      0.142799662814      0.001291473800
      0.150569662900      0.573197842458      0.001425825300
      0.064520662100      0.365453050537     -0.497610649550
*
*
16      0.297103508400      0.146880958300 ##
           6 s
      7.502506190700      0.040334804702      0.002812372100
      1.926615457800     -0.405492843125     -0.000714898600
      0.522414095100      0.525758217032      0.013072116101
      0.228950230800      0.733853187945      0.002151469200
      0.089847571900      0.122112612507      0.001762875000
      0.071078963500      0.063835439504     -0.082398205905
           6 p
      1.653342580600     -0.232509916231     -0.002608584900
      1.102607594100      0.380831870651      0.002852908900
      0.408925140000      0.675216888890      0.002981068200
      0.176584085600      0.562585164675      0.003247764000
      0.081147184000      0.087171235512     -0.279497704737
      0.073339110200      0.144525036919      0.002801523800
*
*
17      0.367806663600      0.038738129700 ##
           6 s
     16.683612578600      0.018634513701      0.000888928900
      2.105524318800     -0.400893277923     -0.000116737800
      0.729793189000      0.470598248826      0.016916997101
      0.297276070600      0.767936529643      0.001493415000
      0.112854503800      0.156744627809      0.000708978100
      0.097705861000      0.056384669103     -0.083196347705
           6 p
      2.711526693500     -0.133327256311     -0.001263073500
      1.490462650500      0.197345673216      0.000997119500
      0.599476078000      0.658586991952      0.000804213300
      0.239201053400      0.683344725754      0.000810936900
      0.101384406200      0.172714537414     -0.249772122720
      0.087943953600      0.112921992409      0.001123001900
*
*
18      0.329568846600      0.038320960200 ##
           6 s
     16.638291597500      0.009333828801      0.001071592300
      2.291484056000     -0.580981236776     -0.000570663800
      1.675514473300      0.438250414058      0.002997790600
      0.446019496200      0.671340369088      0.001076689500
      0.177046633000      0.097607032513      0.001340424900
      0.131125498100      0.100425259613     -0.034871740905
           6 p
      3.212257921800     -0.088114213711     -0.000802969600
      1.148863905900      0.494469301060      0.001304427800
      0.456603186100      0.785378681396      0.001084077300
      0.240146629900      0.244131532930      0.001266041600
      0.158783495300      0.233718913028      0.001152249600
      0.088361880800      0.129195924016     -0.121862002715
*
*
19      1.021510129400     -0.303489869500 ##
           4 s
      0.892791470500      0.061107786116     -0.001221095244
      0.306452364500     -0.371609513102     -0.001687655282
      0.045504339600      0.479019623700     -0.007761247311
      0.019209124400      0.792913871967     -0.402312274284
*
*
20      3.131525757300     -0.099644319900 ##
           4 s
      0.980860735700      0.070220623705     -0.000022401300
      0.438894779400     -0.292414206023     -0.000732249600
      0.051614335500      0.953580838174      0.000863552300
      0.039753184500     -0.015702903901     -0.105371247608
*
*
21      5.739003734300     -0.331781712500 ##
           5 s
      0.827898191600      0.066986507597      0.000249697754
      0.447215760900     -0.375466619287     -0.003147611087
      0.160872468900      0.007207294620      0.000328500955
      0.116068388700      0.361360354253      0.000536058384
      0.038120783700      0.850825701821     -0.088515402894
           3 p
      0.430299921800     -0.110718255493     -0.000730607103
      0.169873106900      0.010468120277      0.000540878510
      0.123022630100      0.993796702731     -0.077052846286
           6 d
     32.993027372700      0.013058598414      0.000134970601
      8.797394385300      0.094549684955      0.000121137723
      2.867759287900      0.307033851770      0.000309342599
      1.026675746200      0.535297970997      0.000557614499
      0.357725606300      0.547499902233      0.021352880100
      0.127192421500      0.557063715612     -0.019847432669
*
*
22      1.449590377400     -0.178561235100 ##
           5 s
      1.049408480500      0.057216541849      0.000866060943
      0.532022495900     -0.350113490041     -0.000871285386
      0.250381820300      0.017886547967      0.000293399773
      0.103483574900      0.427220583856      0.000546748634
      0.039337302500      0.831450212317     -0.248237686784
           3 p
      0.596788655800     -0.067547505190     -0.002037174237
      0.111145467600      0.274775750012      0.010712377790
      0.086494236800      0.959132744592     -0.292255494244
           6 d
     40.026171891600      0.012867410433      0.000271463379
     10.838393673200      0.090777209000      0.000440207455
      3.581426489900      0.301555689708      0.000686292100
      1.296657577500      0.533623492376      0.000466016120
      0.444981662600      0.636439110804      0.005812455833
      0.144847481800      0.459183319277     -0.026463303182
*
*
23      1.409228285900      0.112767166900 ##
           5 s
      0.977167885000      0.061239068185      0.000549683661
      0.552095159200     -0.385043841215     -0.000865215252
      0.273735162700      0.019003588718      0.000450982946
      0.115648240600      0.582341211569      0.000982726107
      0.036840094000      0.713097885142     -0.251814126173
           3 p
      0.744251231200     -0.087461191767     -0.002123314559
      0.693231338400      0.019349936594      0.000974584947
      0.129674921600      0.995979979663     -0.239149272149
           6 d
     39.412210115700      0.019557566486      0.000231099232
     11.091739397200      0.118595007155      0.000821712439
      3.753155321300      0.371915678276      0.000582140412
      1.366046789200      0.608295953849      0.000381216785
      0.466018195200      0.594114399278      0.025147812995
      0.152137375000      0.352470661510     -0.027060196044
*
*
24      0.525816095200      0.764030369100 ##
           5 s
      0.888946855100      0.086175893888      0.000367507896
      0.593745149100     -0.397549676207     -0.000959673137
      0.275103425200      0.013581548500      0.000492659350
      0.104033235300      0.720200234946      0.001668122734
      0.027321431600      0.561831944076     -0.538486943055
           3 p
      0.785499321600     -0.080369720824     -0.006478684268
      0.121446267300      0.476380943895      0.009050544441
      0.032266170500      0.875558053054     -0.784529407501
           6 d
     44.332209378700      0.020973991720      0.000171538608
     12.221139666300      0.129003678469      0.001197850310
      4.126159638300      0.391495874910      0.000598659260
      1.491925032100      0.619127446442      0.000298077420
      0.503815233800      0.617473491709      0.000980576427
      0.152137375000      0.255062374019     -0.019581878856
*
*
25      0.368669599600      0.684297072200 ##
           5 s
      1.221789174100      0.100244780101      0.000504657263
      0.756916013400     -0.395570687262     -0.000351993015
      0.232611399600      0.011286503947      0.000560218524
      0.113493345600      0.784731546742      0.004908925740
      0.030156010700      0.466415940784     -0.568657975724
           3 p
      0.815173623800     -0.141799777404     -0.003705234985
      0.153379183700      0.606529761874      0.011980969647
      0.160465012700      0.782313537585     -0.975074528828
           6 d
     44.179880888600      0.026364160860      0.000153018428
     12.521854448600      0.148678071208      0.000806079303
      4.335724557600      0.421743168685      0.000398885717
      1.572698034500      0.633305633552      0.000222355937
      0.523241576700      0.595040968615      0.000860573836
      0.152137375000      0.210196769746     -0.016137415806
*
*
26      0.373822435000      0.438181093200 ##
           5 s
      1.454324381600      0.078804860887      0.000442559613
      0.837614364200     -0.344924510366     -0.000268441985
      0.224316996200      0.008379233287      0.000426846766
      0.109482238400      0.802695284155      0.001567750256
      0.025197671300      0.480028067195     -0.494069475812
           3 p
      0.904707573500     -0.120624508301     -0.003410877361
      0.155302777900      0.591535633940      0.010875488663
      0.043960464200      0.797204692520     -0.797805906422
           6 d
     47.561868948200      0.028088570270      0.000156692528
     13.502641243300      0.155165005696      0.002249175893
      4.685142691100      0.432804568206      0.000735246984
      1.687108948800      0.632486498695      0.000211419643
      0.552141433700      0.578547383185      0.000600384614
      0.152137375000      0.230344987674     -0.025664936648
*
*
27      0.394300202400      0.267385095800 ##
           5 s
      1.326729104200      0.102510839166      0.000572610635
      0.874304750300     -0.357983297521     -0.001290711622
      0.334920414900      0.016234642918      0.000508482224
      0.120226406100      0.732372679276      0.001341968041
      0.028222142800      0.569829958469     -0.516699599369
           3 p
      0.965064168400     -0.115357183607     -0.002413420728
      0.177536027300      0.409983509889      0.010216819964
      0.096827214800      0.904768612303     -0.721060539741
           6 d
     49.433975617100      0.031799849202      0.000174721806
     14.259570294200      0.167711908731      0.004238806799
      4.969997672000      0.457432890344      0.000666175340
      1.781698772300      0.642853949248      0.000179447861
      0.578438643900      0.561966771393      0.000385189308
      0.152137375000      0.180412815175     -0.013850815192
*
*
28      0.333706810500      0.034497290700 ##
           5 s
      1.411555333600      0.116197466914      0.000570003500
      0.970756826600     -0.339470335442     -0.000256164100
      0.320804178900      0.011104713901      0.000282755100
      0.107976119600      0.787683373998      0.001545735400
      0.024491042200      0.500689152762     -0.527024622466
           3 p
      1.099836260500     -0.080531499206     -0.002955719900
      0.171598976800      0.423533876231      0.014400671801
      0.057879744500      0.902293595966     -0.953304284169
           6 d
     56.295056709100      0.029895218202      0.000178961300
     15.805598083300      0.171087363113      0.002651658700
      5.424568249100      0.461579171034      0.000370077500
      1.911161076700      0.640281575148      0.000240000400
      0.605090950700      0.546908523341      0.000576459300
      0.152137375000      0.218427632416     -0.016769322701
*
*
29      1.517379185900      0.224497883000 ##
           5 s
      1.464828323800      0.074715438521      0.000483662489
      0.932245277100     -0.345767894928     -0.001340491099
      0.351157048200      0.011861229384      0.000349894139
      0.157522696100      0.525237773312      0.000439606604
      0.056379913000      0.773851897204     -0.333633079118
           3 p
      1.141233315100     -0.099295261153     -0.002324554521
      0.187265281200      0.545329757062      0.010842101328
      0.097655104100      0.832319594372     -0.358339926629
           6 d
     56.434239338100      0.035508554453      0.000141948555
     16.094685271200      0.191109226794      0.000580924327
      5.574469705900      0.487943389367      0.000291868786
      1.955184894400      0.644548833019      0.000217415452
      0.610779281400      0.519723644841      0.000798365427
      0.152137375000      0.196397020379     -0.015077968888
*
*
30      1.593668289200      0.161557265500 ##
           5 s
      1.817488242300      0.153714053604      0.001147452577
      1.122574933100     -0.409782162933     -0.001439370489
      0.356367905500      0.017716666502      0.002550989442
      0.152377882400      0.684768110553      0.002738994090
      0.055597867600      0.582433964638     -0.212957737527
           3 p
      1.224659557600     -0.052628222323     -0.003579372524
      0.185344684400      0.501530225880      0.002306930013
      0.045478730500      0.863537898846     -0.365363113241
           2 d
      0.196742370300      0.295340336725      0.746011954710
      0.069703322000      0.955392110865     -0.073195049085
*
*
31      2.487018198600      0.093201954000 ##
           6 s
      3.218769697800      0.190290655123      0.002884010100
      1.752448809400     -0.507636800061     -0.003203917600
      0.252843269500      0.215003889926      0.003110054600
      0.156844538000      0.742720802589      0.003059398700
      0.072514941300      0.179685966322     -0.125077751215
      0.060981218700      0.275583809433      0.003909506100
           5 p
      1.074427310900     -0.319053393229     -0.005979729001
      0.794863826600      0.308149086228      0.002417667500
      0.204559731100      0.443429088941      0.003660749700
      0.066135575000      0.770144490871      0.004420187800
      0.060855657100      0.116177360911     -0.201893943119
           2 d
      0.358515397400      0.023445085300      0.074711253401
      0.116925362300      0.999725126210     -0.176662908602
*
*
32      1.182856566300      0.063768558600 ##
           6 s
      3.178860688400      0.241307544025      0.003208685000
      1.914478373400     -0.555493259556     -0.003407519600
      0.312179053500      0.198370612120      0.004553347800
      0.188297335800      0.733303745675      0.004391375300
      0.068950983400      0.121392704712     -0.115523217712
      0.058283162200      0.203411985521      0.002496771900
           6 p
      1.202060935200     -0.364122830557     -0.002769902100
      0.840754696000      0.322670709150      0.003018416400
      0.256690319100      0.564499984888      0.005363922101
      0.097229744100      0.623291057198      0.005126224001
      0.075622803700      0.127447049320     -0.317427133050
      0.056785729800      0.199758485231      0.004572414601
           2 d
      0.390221765400      0.351666403724      0.035070997602
      0.133650272500      0.936125387163     -0.277791920619
*
*
33      0.230565683600      0.428592250300 ##
           6 s
      3.363205402700      0.188040706929      0.004148788801
      1.891468194000     -0.550729551285     -0.002485706600
      0.376106382300      0.301982101547      0.015007847402
      0.230719498800      0.688468314206      0.002618722600
      0.154292414500      0.097483326515      0.002314093300
      0.076431343100      0.294368554045     -0.087187562113
           6 p
      1.348349921300     -0.466380821756     -0.003735685800
      0.953111570200      0.423218715451      0.004366544701
      0.330121390600      0.539259662565      0.003627244000
      0.191100319200      0.245813099030      0.003780666900
      0.144948616600      0.390777111047      0.004028077100
      0.062277231700      0.315345896038     -0.390540332447
           2 d
      0.321569144100      0.779801906141      0.105251007006
      0.165826026500      0.626026347033     -0.218980722111
*
*
34      0.345405151400      0.227115909600 ##
           6 s
      3.744399960100      0.216347089524      0.006100858001
      2.169297455000     -0.572668420563     -0.001758752700
      0.353647206800      0.703330373977      0.004752645001
      0.187905157900      0.320863748035      0.002083598500
      0.117250798300      0.139005913315      0.002562179600
      0.070711259000      0.091076963310     -0.059901339207
           6 p
      1.480592020300     -0.366892748340     -0.002705170300
      0.997535008800      0.379510296141      0.003019071100
      0.367080173700      0.574073790463      0.002276366600
      0.212883235900      0.523776434057      0.002426325600
      0.098999870100      0.308022951834      0.002701945100
      0.071073215800      0.150269882916     -0.298299023733
           2 d
      0.334599275700      0.922785942561      0.036526888702
      0.132038117800      0.385312995125     -0.039730142703
*
*
35      0.389766253600      0.020145451700 ##
           6 s
      4.447102012300      0.155162958018      0.004499845301
      2.313589040600     -0.537063646762     -0.000976267400
      0.423561299700      0.696419911781      0.002027921300
      0.244715021500      0.370445793543      0.004270953300
      0.136212024700      0.245321670529      0.002555947100
      0.077404777600      0.071229167308     -0.064226000307
           5 p
      1.776211151200     -0.382882461828     -0.003584289200
      1.295041266100      0.340053518125      0.006441999300
      0.462285721500      0.566241462541      0.004102981800
      0.205147892900      0.575611370842      0.003440140900
      0.087885399500      0.292927945221     -0.187507704514
           2 d
      0.462267608000      0.753082643059      0.040909834803
      0.186722354700      0.657925932551     -0.060169215205
*
*
36      0.389318331700      0.008070545400 ##
           6 s
      4.147403972700      0.292967672826      0.002775605800
      2.815912322700     -0.613815857254     -0.001375020000
      0.464373625500      0.660565081758      0.002160023700
      0.228163262600      0.296312197226      0.001958556600
      0.154541187300      0.111800947410      0.001944953600
      0.071144668900      0.027448838902      0.003625399200
           6 p
      2.108281659800     -0.328952838537     -0.003398121200
      1.352309606700      0.306683869034      0.004818098101
      0.519807896100      0.621866764369      0.003812970400
      0.250066943500      0.587661260265      0.003182629000
      0.116130380400      0.237789383226      0.003775395400
      0.083393635800      0.095536455211     -0.121478826414
           2 d
      0.487836983700      0.605425109444      0.016610350901
      0.173372479800      0.795902278458     -0.015971796501
*
*
37      1.807130012000     -0.544828422300 ##
           4 s
      0.586050209200      0.193520978996      0.002392745092
      0.339995007200     -0.444063490051     -0.004706219113
      0.025474240200      0.842735722180      0.003062727565
      0.019132418500      0.234848355443     -0.239601451105
           3 p
      0.160415613300     -0.156707541327      0.001399152124
      0.071129643500      0.154619003148      0.001380697928
      0.022554286400      0.975466919150     -0.261275490618
           2 d
      0.338520255800      0.363921201912      0.022887583524
      0.088703831400      0.931429739057     -0.071564263907
*
*
38      2.397702149600     -0.014007430100 ##
           4 s
      1.943203113300      0.375390939316      0.011690085709
      0.593445670100     -0.903925039774     -0.004699987160
      0.141006559700      0.027194531538     -0.124698366996
      0.084973854900      0.203129570972      0.003120754482
           4 p
      0.511371005500     -0.835931096902     -0.011434786791
      0.125540437400     -0.462398662661      0.004456001821
      0.098110490300      0.278565710313      0.001168343248
      0.046473656600      0.099034453799     -0.040160300887
           2 d
      0.369414622200      0.290693104147      0.001570408196
      0.067621071500      0.956816345597     -0.149375263639
*
*
39      7.891707081600     -0.566728183200 ##
           5 s
      0.731884184500      0.082243981556      0.000240617655
      0.356171871900     -0.428454173129     -0.001973583969
      0.114769592600      0.323830218403      0.000268084487
      0.069416388900      0.029869676082      0.000098840945
      0.033140425500      0.838990310508     -0.065750622715
           3 p
      0.269543449500     -0.254972188989     -0.006066417028
      0.116222288800      0.597386013419      0.013363994962
      0.101240564300      0.760341458697     -0.091329584377
           6 d
      7.880330306100     -0.012631319689     -0.000010236851
      2.458631916600      0.032530356580      0.000168398028
      0.920602500900      0.296697589066      0.000301984520
      0.373098213800      0.537959624348      0.002229144477
      0.156917940800      0.471629049046      0.001039397116
      0.064215622900      0.631599753779     -0.045936759101
*
*
40      0.783823065700      0.074193794800 ##
           5 s
      0.543044414800      0.099664287452      0.001025206719
      0.344295877800     -0.495877102180     -0.000706507906
      0.305444168400      0.040553943168      0.049095898555
      0.143735117100      0.264353803920      0.001086465099
      0.046635610500      0.820149604272     -0.356092415739
           3 p
      0.350038154600     -0.135827048908     -0.001682498742
      0.114101594700      0.289800978577      0.007682151314
      0.054786126700      0.947399812962     -0.423716995869
           6 d
     10.217514995100     -0.011532449984     -0.000384918027
      2.135444567600      0.080571564915      0.000442470933
      0.890374597500      0.459847127952      0.001707459130
      0.351973283200      0.695249991008      0.000616066173
      0.139276805500      0.441857870337      0.001076368510
      0.054345963100      0.321410822567     -0.154457984117
*
*
41      2.043629873600      0.112259762100 ##
           5 s
      0.732779286400      0.095180178799      0.001045698639
      0.426023299100     -0.466423533689     -0.000862026307
      0.218326440200      0.060408844354      0.019946466274
      0.111238942200      0.359895738088      0.000927953373
      0.048012464200      0.800134769907     -0.195157598138
           3 p
      0.384468831400     -0.145741558092     -0.001391003031
      0.112134949300      0.762164918295      0.009285863853
      0.106374546900      0.630764643560     -0.259580214313
           6 d
     10.188206665000     -0.015319845949     -0.000282285801
      1.866863498600      0.176275518634      0.000329848903
      0.881939208500      0.519699163762      0.000643328998
      0.380097677100      0.709828718394      0.000297644810
      0.152351785400      0.396297722780      0.001864298465
      0.068446889900      0.194155423561     -0.047883707653
*
*
42      0.395319960200      0.542433251900 ##
           5 s
      0.758494581700      0.116539154167      0.000201599190
      0.461856736200     -0.500489415081     -0.000200585508
      0.109662355900      0.766602587627      0.000220237395
      0.042577136700      0.149159176712      0.000117469225
      0.024292425700      0.354966172449     -0.427958387564
           3 p
      0.406275618400     -0.349076392606     -0.011839517664
      0.266552525200      0.204057473726      0.003778335050
      0.114107897900      0.914607139455     -0.406740726453
           6 d
     11.632810822300     -0.017809076748     -0.000168086191
      3.782003934100      0.029283259931      0.000151778545
      1.738127064500      0.231315580151      0.000360909800
      0.900210898600      0.557537123570      0.000700843241
      0.380493130600      0.682321726227      0.026142517596
      0.143626451100      0.410983999217     -0.060853347946
*
*
43      3.454991333400      0.705268093400 ##
           5 s
      1.020395609200      0.060109354323      0.000129351722
      0.488723467300     -0.445084343446     -0.000500073111
      0.134891999600      0.463080710328     -0.000012154372
      0.107583821800      0.065270436205      0.000039926065
      0.049621252100      0.761303368324     -0.134013354099
           3 p
      0.456800754200     -0.167697602819     -0.002220739469
      0.134240038400      0.920295464229      0.002627494074
      0.133006449500      0.353459718396     -0.182781752537
           6 d
     14.511830430100     -0.015203741753     -0.000086698552
      4.344573030100      0.028665191818      0.000178186335
      1.859237632800      0.285497042948      0.000342473755
      0.959784383800      0.586174389785      0.000253888678
      0.416615075700      0.672548889940      0.002947947039
      0.158496719100      0.348591690785     -0.001827878855
*
*
44      1.809471209000      0.207298740300 ##
           5 s
      1.211846305700      0.057375059449      0.000041665468
      0.540972863000     -0.403329865139     -0.000188896835
      0.140886458600      0.472702300897     -0.000015886651
      0.067065786300      0.047826050106      0.000051189578
      0.043851299900      0.779934821699     -0.218392998495
           3 p
      0.526747201500     -0.161565565638     -0.006165168448
      0.145417296900      0.407404564818      0.008467191774
      0.048766020300      0.898842638378     -0.253720282939
           6 d
     14.787335818100     -0.016327984831     -0.000070734904
      3.813268141900      0.026435527845      0.000235674445
      2.262983008700      0.209584255476      0.000544803709
      1.134412684100      0.624059395179      0.000504933990
      0.451925194000      0.666635028348      0.010453276660
      0.160459694700      0.348219198070     -0.012603260140
*
*
45      0.913158230800      0.258150754700 ##
           5 s
      1.361277373100      0.073919009006      0.000058516212
      0.633963698600     -0.419757744538     -0.000484127695
      0.123391594000      0.730250144770      0.000025243510
      0.050021696900      0.090002941033      0.000113770503
      0.033691061200      0.526282825747     -0.301115423648
           3 p
      0.479201324200     -0.192494316536     -0.001705672410
      0.186321203000      0.304472919286      0.008367660036
      0.098804202900      0.932867718126     -0.393816476492
           6 d
     15.832012117300     -0.023151971981     -0.000065694623
      7.638787393800      0.028668829906      0.000279097391
      2.449845852800      0.231552324281      0.000692044815
      1.269907766100      0.627061574968      0.000574118684
      0.516532109200      0.663565947254      0.015473112804
      0.193151510600      0.333915588658     -0.017271468392
*
*
46      0.086947646600     -0.061914402800 ##
           5 s
      1.451968882600      0.053884650657      0.000052600593
      0.646853879200     -0.367503456652     -0.000779811451
      0.098953231300      0.886473140296      0.000009455091
      0.038062889300      0.207867106011      0.000104123717
      0.018090484600      0.181643308562     -0.302243134140
           3 p
      0.591497980600     -0.185428898093     -0.001780551540
      0.135105356100      0.605758495232      0.004219254886
      0.061462734000      0.773739471144     -1.095924168735
           6 d
     17.786254021500     -0.016026386953     -0.000123591616
      5.518317406900      0.020773242711      0.000239813873
      2.356437609100      0.373913021851      0.001072174642
      1.090511362300      0.655193315912      0.000853413524
      0.442373220900      0.589080391948      0.000835272655
      0.156127732700      0.288455698515     -0.132693013548
*
*
47      2.656703873900      0.121147910100 ##
           5 s
      1.762209289300      0.038756425974      0.000066675885
      0.652115204700     -0.373344302563     -0.000705247821
      0.137121419100      0.585734077769      0.000017971634
      0.062548327700      0.076072772874      0.000159473545
      0.043163673400      0.714311202878     -0.208075540578
           3 p
      0.589013866900     -0.206031342422     -0.001592809246
      0.152016692700      0.640174819408      0.005897200537
      0.070792910100      0.740085999419     -0.210034797632
           6 d
     17.764609774900     -0.019119188758     -0.000056121142
      4.505048956800      0.040857226177      0.000224787270
      2.461704941600      0.392525025468      0.000677436052
      1.186641263100      0.670036040177      0.000559776906
      0.490255522400      0.580915623193      0.001175116986
      0.181409361500      0.239745681222     -0.000774734942
*
*
48      2.208057544500      0.347653765600 ##
           5 s
      1.346847156800      0.223119559190      0.001412561764
      0.859175603800     -0.530660235304     -0.002297257475
      0.404729471900      0.029639893430      0.005125359198
      0.130141312100      0.652781497122      0.003477792544
      0.049944368300      0.491543661038     -0.145828657220
           3 p
      0.754920537700     -0.105015012081     -0.008324427626
      0.163018312700      0.473433181510      0.002836665663
      0.039899888400      0.874547237079     -0.301097660683
           2 d
      0.110810055400      0.169348693234      0.719452165960
      0.039763853600      0.985556198347     -0.089003531452
*
*
49      1.522212412300      0.072955947700 ##
           6 s
      1.386843804500      0.351539786430      0.004532034528
      0.970072853200     -0.681160769510     -0.003662337145
      0.290129268400      0.162694649980      0.005943269270
      0.134025799600      0.561221408777      0.003518176115
      0.059590185400      0.076886965558     -0.137540001896
      0.052783073400      0.255125773617      0.002665923808
           5 p
      1.416833549500      0.319023066068      0.004166922066
      1.206566768200     -0.434135379189     -0.013794429379
      0.195617731300      0.437014594438      0.002704324133
      0.054224392200      0.691867286260      0.004441936479
      0.048023319800      0.200221523081     -0.319933137206
           2 d
      0.123328785400      0.327162686361      0.045462548844
      0.088421629100      0.944968029434     -0.094274062928
*
*
50      1.230144373900      0.091895939300 ##
           6 s
      2.293437464300      0.196169732321      0.002903991838
      1.156978444500     -0.631978397190     -0.003326161820
      0.445432963800      0.140132666307      0.003694746271
      0.192713235100      0.564576272602      0.002750884774
      0.111485901300      0.385017148225      0.002994716112
      0.051721044200      0.274770823466     -0.118264883516
           5 p
      2.242818870900      0.134283408443      0.003023293573
      1.626271037900     -0.271205814750     -0.003683361528
      0.222486545000      0.640094886944      0.003735226515
      0.076796048700      0.627111998891      0.003040526886
      0.066415285500      0.324691313124     -0.320512583713
           2 d
      0.194230274100      0.507795591970      0.073332547187
      0.090578149900      0.861477589248     -0.368141208853
*
*
51      0.401047885500      0.638198690200 ##
           6 s
      1.959680700700      0.407714235984      0.002161112298
      1.388824407500     -0.734808218976     -0.003590372595
      0.343246404500      0.163472034669      0.002770419491
      0.222552183300      0.258512690399      0.002682621556
      0.146939618300      0.425505134235      0.002712381898
      0.054244359100      0.138634218811      0.012819281219
           5 p
      2.109720111300      0.158811864902      0.003193851246
      1.399942798400     -0.375578370727     -0.003807570991
      0.260944019300      0.691479063189      0.004329140832
      0.119545544500      0.523996443722      0.003634687767
      0.052782644200      0.284612211872     -0.341762839825
           2 d
      0.191187203600      0.953857651271      0.043693410271
      0.134889999000      0.300259189888     -0.047361156165
*
*
52      0.392761477700      0.286111443800 ##
           6 s
      2.216873600400      0.346688756530      0.001006682833
      1.565958208900     -0.662895873498     -0.000850459277
      0.407520907400      0.101106329106      0.002698334337
      0.233800845300      0.583669437178      0.000982942071
      0.171864371300      0.032914839115      0.001277138240
      0.099096542500      0.297321507261     -0.012365610757
           5 p
      2.434006973600      0.163454527425      0.004061716556
      1.534155902300     -0.406300316073     -0.003134594679
      0.327413309200      0.600527395175      0.004315059523
      0.148280873500      0.602837091287      0.003254700826
      0.063964330000      0.290098189648     -0.267440814140
           2 d
      0.202068092800      0.837884836146      0.039353265712
      0.151727773500      0.545847049416     -0.027411468194
*
*
53      0.660000396500      0.019020515100 ##
           6 s
      2.663375499200      0.300562455215      0.002857644490
      1.601378985400     -0.722375774663     -0.001245182125
      0.335614465100      0.372251512845      0.006373650919
      0.276386726800      0.276428092651      0.002260480017
      0.217809012800      0.268263227180      0.002263140299
      0.103018522100      0.317626529773     -0.028706079524
           5 p
      0.981346512000     -0.478738878943     -0.001200658690
      0.623372102200      0.555705920538      0.009933939505
      0.220679288400      0.546134626811      0.004765815500
      0.185761911000      0.107318842664      0.003956326504
      0.086930115800      0.390153368657     -0.155196377661
           2 d
      0.309594743400      0.097511279356      0.044591177486
      0.217578535900      0.995234419822     -0.050938111771
*
*
54      0.280116897300      0.044534476500 ##
           6 s
      2.809231700900      0.298732940639      0.003740012439
      1.693181034200     -0.697061302881     -0.002857700871
      0.382508033600      0.531706274065      0.001946541926
      0.294960833300      0.084910611255      0.003050819053
      0.174896004900      0.357402348027      0.001984456771
      0.076697880300      0.084890270608     -0.044039795929
           5 p
      1.065229142600     -0.544911096142     -0.003029621334
      0.749955449100      0.606316186949      0.003039203702
      0.284715011400      0.378711688872      0.004787473665
      0.171012117600      0.405593280504      0.003321550100
      0.068166426600      0.165903967002     -0.121241075492
           2 d
      0.208010978300      0.751728546225      0.063785064393
      0.071609246200      0.659472662656     -0.049391235245
*
*
55      1.526977766700     -0.620898746300 ##
           4 s
      0.348801070700      0.545571388259      0.004251826604
      0.292608067900     -0.706646047947     -0.004962942596
      0.022925730300      0.390966354664      0.004919890375
      0.016178689000      0.223938680793     -0.166538943197
           4 p
      0.142674070500     -0.263820702006     -0.004341753859
      0.044683630900      0.243772817021      0.004256639585
      0.017083999600      0.916858810098      0.003693061809
      0.009609837000      0.174193493622     -0.107273050555
           2 d
      0.198624072500      0.494592078806      0.058222808345
      0.064114725900      0.869125235845     -0.068933772075
*
*
56      2.241781208400     -0.019912405200 ##
           4 s
      0.503410380500      0.204291478128      0.006007995238
      0.298029336600     -0.498980215277      0.000058276366
      0.037471795300      0.823123384628      0.000382285082
      0.030490285200      0.178189871781     -0.176785024439
           3 p
      0.137734096600     -0.178686325532     -0.135133187361
      0.092895754700      0.501668641332      0.001221517054
      0.026444529300      0.846404023721     -0.228025084289
           2 d
      0.305654428800      0.157714049241      0.161189583924
      0.096507663300      0.987484824528     -0.056097249785
*
*
57     13.962195499500     -0.154019442000 ##
           5 s
      0.342711847900      0.125050398006      0.001533528100
      0.213288996800     -0.628926275529     -0.001110649900
      0.133800209300      0.366137754917      0.000251647800
      0.078728539000      0.025119724001      0.000030119000
      0.037256780100      0.673888923932     -0.033677309702
           3 p
      0.290133775600     -0.076913457003     -0.004055890500
      0.272208957700      0.621465792722     -0.036377313801
      0.229012855500      0.779656712027      0.003469644300
           5 d
      3.124448360700     -0.017376652802     -0.000018953300
      0.532247173000      0.274501235126      0.000174694600
      0.289965554600      0.452249568042      0.004517482600
      0.131656499600      0.480641107445      0.000376365700
      0.052463541700      0.699143460165     -0.032007183203
*
*
72      0.855832438100     -0.236057248300 ##
           4 s
      0.705149091500      0.151017468112      0.000043814500
      0.460759537500     -0.492972171239     -0.000348557300
      0.104124667400      0.625887433549      0.000008385500
      0.031740807700      0.585181239646     -0.232606877518
           3 p
      0.375338072600     -0.177332087109     -0.000656262100
      0.129379423700      0.362650376119      0.002973746500
      0.052324741200      0.914897827947     -0.349490848918
           5 d
      6.589399918100     -0.014181550801     -0.000162192700
      0.975855113400      0.376712778138      0.000111400200
      0.383275576800      0.652231906666      0.001128323400
      0.150774754700      0.489164498850      0.001804409100
      0.054128648900      0.439542943745     -0.176916329218
*
*
73      1.362776413900     -0.055341380800 ##
           5 s
      0.770518421700      0.153901485411      0.000049434000
      0.473420646700     -0.595483283944     -0.000221111700
      0.156753593300      0.570002980243      0.000016624400
      0.065038529600      0.205672349315      0.000151923800
      0.036806959600      0.504489324538     -0.180106799013
           3 p
      0.343873595000     -0.288272339621     -0.003075255600
      0.207401018500      0.309922143522      0.000194767700
      0.093678706100      0.906006248965     -0.230704119617
           5 d
      6.140312821800     -0.020871726403     -0.000149782100
      1.066052674500      0.397586750458      0.004403616801
      0.435215397400      0.664100730397      0.004711194101
      0.180524711400      0.458773242667      0.001050919700
      0.074301408000      0.435874383964     -0.132763166519
*
*
74      0.972764823900     -0.208216387100 ##
           5 s
      1.085623264500      0.148206826813      0.000224591900
      0.612901748500     -0.508389438744     -0.000104038300
      0.121921798500      0.685107199759      0.000030246900
      0.048961572900      0.174130518815      0.000197002100
      0.032093680500      0.468915346641     -0.208436975218
           3 p
      0.446504066600     -0.184559248717     -0.002760082700
      0.149836650300      0.345560492232      0.009647898801
      0.064834460300      0.920068383285     -0.323867518930
           5 d
      7.541319354700     -0.017165384002     -0.000078855200
      1.104779500900      0.480936711548      0.000697200600
      0.453036165700      0.699263833270      0.000968970000
      0.186062502900      0.440504637944      0.004361976400
      0.082051340700      0.292217358329     -0.100370508610
*
*
75      3.466305114100     -0.052593446300 ##
           5 s
      1.210592273500      0.089729469108      0.000109023500
      0.585048559900     -0.474434414041     -0.000216875300
      0.144399616900      0.603102645552      0.000050688200
      0.068752867100      0.063584146305      0.000205802100
      0.045892606200      0.631731639554     -0.094072798308
           3 p
      0.460398857300     -0.183745241906     -0.000796329500
      0.156002822200      0.216303780907      0.002939131100
      0.131127025500      0.958879742430     -0.140718039004
           5 d
      7.052529277300     -0.023523394202     -0.000068777200
      1.553314492100      0.046124950503      0.000554981300
      1.110888979200      0.519576123038      0.000902368300
      0.445687662300      0.733009395854      0.003611327100
      0.159607087900      0.435955292232     -0.007041049101
*
*
76      0.363885455900     -0.032628054500 ##
           5 s
      1.087000717500      0.146537846610      0.000302672200
      0.656787160100     -0.493805435935     -0.000191772300
      0.127861210400      0.762793292154      0.000059339100
      0.052879290500      0.158632847111      0.000366070900
      0.023465721900      0.357302202925     -0.308416149922
           3 p
      0.509052476100     -0.256505460411     -0.002482789500
      0.157817551600      0.578475759724      0.003937349700
      0.061122966300      0.774319536232     -0.566567383024
           5 d
      6.686897430000     -0.032530012504     -0.000109283200
      1.356365031600      0.470514504559      0.000785135700
      0.652865503400      0.603759496575      0.000471830600
      0.304192692800      0.553993175869      0.002635850500
      0.119054086500      0.325766681341     -0.123349396315
*
*
77      0.694008395500     -0.021950662700 ##
           5 s
      1.095098999800      0.193137460920      0.000126856900
      0.700594234800     -0.571423100359     -0.000407003800
      0.162434696900      0.639087215866      0.000067357300
      0.061136262500      0.349031897536      0.000209975200
      0.031686770500      0.325450190634     -0.243772144125
           3 p
      0.416539920300     -0.370977145132     -0.001616828400
      0.256385893100      0.428625495337      0.004946371000
      0.098438235700      0.823805888870     -0.340758187329
           5 d
      8.287064808900     -0.023514013301     -0.000364634800
      1.358364396500      0.564985474630      0.000589144600
      0.654847619900      0.558772482930      0.000761965100
      0.328918092900      0.522510121528      0.001654955700
      0.131664082500      0.308212572516     -0.084991618905
*
*
78      1.419126961000     -0.068588571000 ##
           5 s
      1.417287084700      0.087969810908      0.000115445300
      0.702840682200     -0.424682584941     -0.000307409300
      0.136053254200      0.627310395360      0.000046244500
      0.073159013900      0.073743527407      0.000324627900
      0.040743518100      0.642611526862     -0.244247346823
           3 p
      0.533186082200     -0.200422273504     -0.002311097600
      0.149680055000      0.461635911710      0.007151579100
      0.051024678700      0.864131469918     -0.365945833308
           5 d
      8.412621400000     -0.026552909103     -0.000087110700
      1.443819142400      0.571378471974      0.001643959400
      0.658082786200      0.623794224481      0.000902923200
      0.296782776200      0.469548191561      0.000646599000
      0.114272378000      0.251449490133     -0.042328986906
*
*
79      0.523991228600     -0.047354602100 ##
           5 s
      1.321126714200      0.097099303710      0.000101024500
      0.714980728100     -0.463062767448     -0.000603642700
      0.146371213500      0.755461343078      0.000032973200
      0.061424592300      0.055325839006      0.000236313800
      0.041600021100      0.449846428546     -0.267228266228
           3 p
      0.551539847900     -0.309852768539     -0.001752836800
      0.173664115600      0.714355935891      0.008692615601
      0.066077893300      0.627444705680     -0.433534922255
           5 d
      8.694456840400     -0.029442849803     -0.000091980700
      1.547706651300      0.583202038757      0.000917429400
      0.805622793200      0.521881493851      0.001108486900
      0.400430253200      0.552361921754      0.001309325400
      0.157681592400      0.285560001328     -0.070142218807
*
*
80      2.502262853200      0.071725505500 ##
           5 s
      1.495476303900      0.214474197263      0.001580159847
      0.873822974200     -0.556224040698     -0.001519416433
      0.291541704300      0.032692396227      0.007748852645
      0.137671840400      0.682269413666      0.003811449800
      0.058527017800      0.421965981641     -0.097487151797
           3 p
      0.592086751800     -0.140894728696     -0.009973325495
      0.150895057400      0.594079632986      0.003852113514
      0.030147853300      0.791971000161     -0.232860088185
           2 d
      0.053904945100      0.557857802859     -0.154269136792
      0.039798430000      0.829936546846      0.878943744233
*
*
81      2.047948833400      0.128122505200 ##
           6 s
      1.590276324200      0.231701171698      0.003052761686
      0.872455275700     -0.661518908421     -0.003849198555
      0.205866061600      0.508387877916      0.003152413942
      0.171705539700      0.180387733637      0.002562352873
      0.073680719100      0.465143862459      0.001950177629
      0.059056783100      0.036749410788     -0.088274187851
           5 p
      1.224181972700      0.245724910682      0.001786174669
      1.002567860500     -0.379109258061     -0.006650043576
      0.176818816300      0.516851492928      0.004670973110
      0.050699349900      0.593389752773      0.003459104700
      0.044884277200      0.420295817590     -0.301497490254
           2 d
      0.139024456800      0.591645733826      0.048756682651
      0.072463995700      0.806198068495     -0.054092642425
*
*
82      0.925495610400      0.072256134800 ##
           6 s
      1.402337880400      0.333722506155      0.003638171024
      1.020772096300     -0.704014824284     -0.003648046779
      0.566529087600      0.074236739775      0.002637898299
      0.193345240500      0.536607902268      0.003808992568
      0.179555874800      0.164611992382      0.004194012308
      0.063928679000      0.269139691852     -0.085841635532
           5 p
      1.291294131100      0.351634097931      0.002727296873
      1.034688424600     -0.551773789731     -0.004280977427
      0.212076482300      0.537647178936      0.003405460132
      0.069897959000      0.501119279070      0.004817203638
      0.059726258000      0.178084601426     -0.262578996892
           2 d
      0.189281044900      0.492528165639      0.076166289577
      0.086818357700      0.870296504677     -0.050740577054
*
*
83      0.448212227400      0.345990492300 ##
           6 s
      1.572606464900      0.088163851389      0.001639039231
      1.026725672900     -0.481435506089     -0.002210907617
      0.322909781600      0.114241614810      0.002490905134
      0.208952126500      0.802802241313      0.002096753528
      0.156620127900      0.096876697087      0.002129762779
      0.072848620400      0.305809269210      0.002462101237
           5 p
      1.418504014400      0.466283655088      0.002248937745
      1.224929184200     -0.636419906238     -0.001565504689
      0.237464074200      0.486250699964      0.001793269353
      0.105727530000      0.240835189988      0.002062302039
      0.056723018600      0.288284449789     -0.251956841137
           2 d
      0.115929749800      0.673693271045      0.106471329362
      0.108662267600      0.739011080126     -0.077223676442
*
*
84      0.405894789000      0.109883137700 ##
           6 s
      1.813247262100      0.386296235730      0.003400262786
      1.347642177500     -0.719644152132     -0.001167979312
      0.680428380900      0.068516630142      0.001624466111
      0.255399822800      0.540561886624      0.002087930710
      0.142446499900      0.148266763319      0.001743009699
      0.073677209300      0.118333417009     -0.038696775821
           5 p
      1.719037879600      0.177538162522      0.002397957428
      1.172374677500     -0.427099261626     -0.002798885166
      0.274265484900      0.623983451948      0.002605889721
      0.203066664500      0.208406475348      0.002249409443
      0.095812205400      0.594371781207     -0.003234765490
           2 d
      0.169993857100      0.723711889093      0.050631601603
      0.113219126200      0.690102239951     -0.172727499332
*
*
85      0.661134089900      0.056333119100 ##
           6 s
      2.008146624500      0.323445762698      0.001724468118
      1.320661050100     -0.741804305371     -0.001062605103
      0.518213373500      0.061403572382      0.001223314764
      0.339200759500      0.311219344201      0.001758415534
      0.245436283400      0.440833141657      0.001530183011
      0.100095655300      0.223936315580     -0.015826124946
           5 p
      1.935037172700      0.102748843500      0.003036096342
      1.222863681800     -0.319736839688     -0.002910350778
      0.322600663000      0.638001020169      0.003251944440
      0.135449700200      0.649774834973      0.002656303119
      0.058589982500      0.240745489270     -0.173785755952
           2 d
      0.208984588500      0.374016407806      0.055383055881
      0.155816694300      0.927422086588     -0.050530776313
*
*
86      0.252255191100      0.035508982400 ##
           6 s
      2.004940863800      0.392378548585      0.001192165671
      1.502133807100     -0.710954653942     -0.001214191043
      0.331080863200      0.557678853328      0.001176619370
      0.240651757500      0.048956207967      0.001190080002
      0.144692156400      0.154809939908      0.001899039517
      0.077892739300      0.056692357558     -0.024114073912
           5 p
      1.854344840800      0.338877869861      0.002814850581
      1.577623895400     -0.490968498406     -0.002753947939
      0.319032353700      0.643333396767      0.002452622755
      0.144630428400      0.428288098605      0.001855789782
      0.077792563800      0.216340398654     -0.137706382776
           2 d
      0.235820362600      0.422568158546      0.037112073215
      0.101178469400      0.906331148854     -0.043215520042
*
*
