*
 1      0.778925742600      0.055157247500
           8 s
    300.937705517100      0.000812561659      0.000315962709
     47.742863081500      0.006742950802      0.001218595453
     10.838459096800      0.031560366003      0.012980112999
      2.987895751700      0.142274108563      0.034851790801
      0.937881593900      0.369766388791      0.171543912354
      0.369762718100      0.518211674536      0.000182454262
      0.176046988200      0.524398730157      0.000105274905
      0.053883519600      0.546307004891     -0.574239885920
           2 p
      1.401597111900      0.300607212647      0.004131910447
      0.299465088700      0.953748029463     -0.327553933991
*
*
 2      0.868041148700      0.030668253300
           8 s
    266.448008904000      0.003633063002      0.000223171021
     40.582600009400      0.027909237493      0.000386340196
      9.632334271100      0.124691847921      0.000355950924
      2.866633457700      0.363075855717      0.002791338731
      0.891998483400      0.724019002140      0.016651734659
      0.432249301700      0.185397576901      0.001088381160
      0.256440532300      0.053891566415     -0.466431732495
      0.239849743300      0.538846604761      0.000764037891
           2 p
      0.654459711600      0.011426916197      0.116302214707
      0.156214632900      0.999934710662     -0.677604329969
*
*
 3      0.687529209800     -0.151297356700
           5 s
      4.053559134300      0.009258245004     -0.000074625036
      0.570722156200     -0.212831763530     -0.079858707503
      0.154938160600      0.034143590902      0.091468051501
      0.074105039100      0.441114227578      0.002835537944
      0.030559752500      0.871131091605     -0.558208664703
           4 p
      1.573239584800      0.049924470938      0.000190440972
      0.427446153100      0.072576307581      0.108288054955
      0.142470206200      0.440321247183     -0.001535525308
      0.053167398500      0.893508492438     -0.505178685427
           2 d
      0.354325945700     -0.063885516447      0.208007491012
      0.089287906900      0.997957233948     -0.484211313348
*
*
 4      1.033249104400      0.039762014800
           6 s
      7.188753889200      0.010820447400      0.000413493086
      1.272987735000     -0.224928442307     -0.000873836115
      0.424111780400      0.030863266085      0.000700581409
      0.188854564700      0.594544758364      0.000669244630
      0.027371214800      0.030971801054      0.000508541944
      0.067802898200      0.770645735995     -0.359871157020
           4 p
      2.819620177400      0.046403739426      0.006437106611
      0.665160759300      0.133309939641      0.091483336695
      0.217151140100      0.459956946094      0.003767698640
      0.061068688600      0.876649736611     -0.389380014839
           2 d
      0.467884192800      0.152004655904      0.119393834190
      0.092272579600      0.988379777506     -0.402283925917
*
*
 5      0.781947073000      0.217097507500
           6 s
      1.550268585600     -0.539379836949      0.001056841047
      1.189986699400      0.413227093691      0.002188805959
      0.304405968000      0.557616359542      0.004997850448
      0.115467167200      0.453703967920      0.020498620628
      0.082328241700      0.092981676278     -0.327630020233
      0.056471194800      0.113507151642      0.012499967723
           6 p
      8.821545276700      0.024798611260     -0.001387210830
      2.328934114700      0.134574579193      0.015194568661
      0.688751274000      0.528773329493      0.002053890915
      0.232339865100      0.654581413177      0.005470241505
      0.080431145900      0.218755158575      0.005486289728
      0.075420467500      0.474702887764     -0.492493831401
           2 d
      0.789412429200      0.521946233865      0.009630656099
      0.208469660000      0.852978387155     -0.032545594300
*
*
 6      0.636992108800      0.089422805300
           6 s
      2.170592388300     -0.661612326374      0.000545438122
      1.897895934300      0.574228768727      0.000370130707
      0.515747290500      0.327203776250      0.000420523914
      0.228449578200      0.317130717886      0.000188896048
      0.132326363400      0.058811412396     -0.196103575744
      0.076050815500      0.146415385489      0.000160003191
           6 p
     21.810052854700      0.009922578081      0.001087826285
      5.983642752300      0.075102524333      0.000540822458
      2.090911419100      0.238966016120      0.000443902871
      0.748884897800      0.583681058073      0.000922518349
      0.270782858100      0.566962247324      0.000933231239
      0.091941760000      0.524429813205     -0.386192200448
           3 d
      1.648456618900      0.229745557549      0.015550434759
      0.517868512900      0.555807738457      0.015449248050
      0.144544473600      0.798933499521     -0.391467988011
*
*
 7      0.214729871000      0.314457171800
           6 s
      2.713484957300     -0.615805230121      0.000348732588
      2.225678815200      0.578750065420      0.000363475065
      0.619982747700      0.402847679963      0.000353989823
      0.312640707700      0.307009803545      0.000192777637
      0.147074415900      0.161045236719      0.000329718818
      0.054083756400      0.057926154168     -0.100600931582
           6 p
     25.803197287900      0.018894953670      0.001355542916
      6.630942681200      0.127725732483      0.001871094797
      2.189453412100      0.368942128093      0.034997705870
      0.797834977800      0.663784664302      0.001437501818
      0.280013913800      0.603878282358      0.000848343657
      0.079381508500      0.204772467973     -0.318841150731
           3 d
      1.614908011100      0.324284043077      0.064127514582
      0.559483159500      0.672983460990      0.005533963893
      0.169522974300      0.664780505611     -0.132711836314
*
*
 8      0.386829062400      0.017323518700
           6 s
      3.501458509800     -0.602947373497     -0.001095065096
      2.845499829300      0.594083577768      0.005546767245
      0.741369014600      0.453125551755      0.006905418027
      0.354575557800      0.232584413351      0.002067886166
      0.228901573100      0.134928847147      0.002241250509
      0.091646647000      0.076779545715     -0.070273797130
           6 p
     36.923950756500      0.018319698486      0.001194553738
      9.555756562200      0.120255122065      0.005349466924
      3.073190388200      0.359505058755      0.021698165469
      1.093065151700      0.625568087746      0.027135645902
      0.384479768300      0.624750260166      0.001831124235
      0.121105971500      0.272600232962     -0.280584861159
           3 d
      2.494714327000      0.239875009524      0.020249836584
      0.784834930600      0.795512815705      0.005907941696
      0.257320226800      0.556434488377     -0.021274520842
*
*
 9      0.199021839300      0.015706016600
           6 s
      6.877523650900     -0.462984524155     -0.002683763031
      5.122340090000      0.277877213140      0.006463464562
      1.392202710800      0.510245927367      0.006343362199
      0.732405225300      0.393066979499      0.002930346934
      0.421097034100      0.520356262941      0.006479921554
      0.156325600900      0.151017838885     -0.112952287915
           6 p
     53.242213815600      0.017781729840      0.000060141495
     14.772021519400      0.102125100228      0.001080916123
      4.721936179500      0.308776272419      0.003160090654
      1.681965553700      0.584607344638      0.002227968032
      0.565520257300      0.677576352801      0.001517679821
      0.176227791300      0.305018075364     -0.239575096992
           2 d
      1.983979314800      0.322525801093      0.139425855007
      0.588527405600      0.946560672979     -0.037616898714
*
*
10      0.136696446700      0.034014434000
           6 s
      8.872649712200     -0.433414627541     -0.000782340812
      7.510406068600      0.276834424708      0.001073404575
      1.745128302200      0.528193976422      0.001080237646
      0.694990573200      0.647451139199      0.001418930660
      0.327943057700      0.186372486518      0.001386239177
      0.159013404700      0.050969636266     -0.029943562319
           6 p
     65.214163848900      0.017560286170      0.000508048352
     16.986121627400      0.117994981173      0.001281417321
      5.500060464200      0.341753595328      0.000947357433
      1.987775268100      0.597557874389      0.001107037510
      0.684874054200      0.662360576278      0.001291054378
      0.219483453200      0.270511283676     -0.095717263715
           2 d
      1.677012071200      0.221437873518      0.043227768153
      0.396685646100      0.975174480886     -0.030361941246
*
*
11      0.964886209000      0.051314744300
           4 s
      2.206661506700      0.017484706652      0.000186411442
      0.538396384700     -0.259358385668      0.000049971399
      0.076348840600      0.356271131534      0.002632386180
      0.029863704000      0.897495623194     -0.440309004839
           4 p
      0.446875393100     -0.099494883755     -0.000557947554
      0.164022987400      0.151559309610      0.003507106646
      0.069455144400      0.431121507425      0.005417434918
      0.020600036600      0.883891842712     -0.467002897894
           2 d
      0.409777001200      0.221413876524      0.066710286638
      0.099860197600      0.975179929696     -0.250598561128
*
*
12      1.833918988600     -0.064290487700
           4 s
      2.718183887900      0.026527800001      0.000839773729
      0.789405449000     -0.282821938850     -0.002239774128
      0.126738471600      0.565461340819      0.004738251998
      0.051153772800      0.774313566181     -0.213227047683
           4 p
      0.842120087200     -0.053082141735     -0.000105802312
      0.175577872000      0.369735786240      0.001932229944
      0.054490901300      0.919736205483      0.000123595814
      0.052411456000      0.120677449945     -0.277675539148
           2 d
      0.432277577600      0.044115666465      0.119728886344
      0.108873664500      0.999026430067     -0.179331760555
*
*
13      1.574172221600      0.049427356800
           6 s
      3.342891205000      0.036847185402      0.001044338800
      0.996187595600     -0.403546364027     -0.003250283800
      0.613620400200      0.093606806206      0.001571816300
      0.182282305300      0.676642463745      0.005548935600
      0.069763014200      0.594627862840      0.004757816200
      0.063667864900      0.124912224508     -0.218486681915
           5 p
      0.874264270800     -0.148276032509      0.000802947700
      0.432214418300      0.273155381917      0.008226369101
      0.152278734100      0.574484995035      0.004369265400
      0.054450155700      0.753937289446      0.006460727600
      0.051899966200      0.070327161004     -0.333382993120
           2 d
      0.546778384300      0.222333122213      0.034291168302
      0.152594142100      0.974970759955     -0.246249801314
*
*
14      1.280562053700      0.016990444800
           6 s
      3.903481609800      0.049692188003      0.003653003000
      1.399400884100     -0.381601062021     -0.000411491300
      0.260730421700      0.725070323441      0.001873536400
      0.124354351400      0.337009130319      0.001879846600
      0.095847326700      0.140819662608     -0.285725443016
      0.075587881600      0.439066066425      0.001541914400
           5 p
      1.254551310400     -0.096509116508     -0.001982089400
      0.461080844200      0.372845418730      0.012702808001
      0.180206576500      0.597017038847      0.001481652000
      0.074213480500      0.703556699256     -0.282406761522
      0.043512940400      0.015840152201      0.001043424700
           2 d
      1.088247999800      0.156925770416      0.078556669408
      0.293343997300      0.987610400198     -0.078528580908
*
*
15      0.339758980000      0.346339289200
           6 s
      8.015104380600      0.028163270440      0.000405959341
      1.459980426900     -0.374197262596     -0.000621514137
      0.164603050200      0.713698838355      0.001814585091
      0.407836366600      0.580422931278      0.002879333257
      0.053022269500      0.100192973502      0.000145271859
      0.048378788300      0.053738216405     -0.085390220596
           6 p
      1.277596080400     -0.129779967877     -0.002000198295
      0.763860050600      0.265574789073      0.001824943407
      0.387201862800      0.584613247536      0.001380268774
      0.227474281600      0.137957503450      0.001039363628
      0.164854132300      0.635836647414      0.001325537405
      0.064460013900      0.384101584479     -0.485046368271
           2 d
      1.651169503500      0.221821070315      0.036392007499
      0.363443953100      0.975087387245     -0.046118945163
*
*
16      0.304720648200      0.145823000900
           6 s
      7.493032208800      0.040536181562      0.002845385992
      1.931032188300     -0.404457859963     -0.000718176594
      0.518606608200      0.532532790722      0.005656045626
      0.228000977800      0.729493633524      0.002181638903
      0.090203182100      0.123102401244      0.001756518276
      0.067566624600      0.062163669129     -0.082684537419
           6 p
      1.650158344900     -0.233872979492     -0.002641428674
      1.101004643100      0.383927598053      0.002759099344
      0.408116597900      0.673800770017      0.002938211364
      0.176911615700      0.561283160682      0.003176841405
      0.081092347200      0.087236162788     -0.278373637374
      0.073334375700      0.145762192210      0.002758432634
           2 d
      1.589436039900      0.266809099797      0.023867763571
      0.369952450000      0.963749399100     -0.029896268462
*
*
17      0.340418898400      0.038509993500
           6 s
     16.787173741600      0.018466772863      0.000884035783
      2.100835021900     -0.400380809292     -0.000119665019
      0.734843166400      0.469457723982      0.011771348598
      0.296032370300      0.770720194462      0.001487261814
      0.111910668900      0.147736341764      0.000688304725
      0.091408522800      0.055928404367     -0.079259891931
           6 p
      2.703434838400     -0.133938647829     -0.001281789085
      1.475407707300      0.203211291605      0.001013605929
      0.594440517500      0.660136585740      0.000812902408
      0.237443474500      0.682029595296      0.000862792286
      0.101607352000      0.162391530785     -0.251565677713
      0.086992889100      0.115973788497      0.001117792312
           2 d
      2.101829247900      0.282865439554      0.040019588996
      0.482945154500      0.959159602520     -0.022466585599
*
*
18      0.329751613200      0.058939183700
           6 s
     15.920846417600      0.009829650516      0.001060738125
      2.293144900500     -0.573523924426     -0.000559341873
      1.646136022400      0.439377849041      0.001586697967
      0.434977463300      0.679067893764      0.001045808811
      0.174868367300      0.089995843343      0.001313603552
      0.123678138300      0.093211242316     -0.033862016454
           6 p
      3.227612007800     -0.085585353529     -0.000755227105
      1.141778759100      0.492349007435      0.001184716793
      0.450563223400      0.795151736940      0.001020782546
      0.225961177600      0.234992362397      0.001210932140
      0.154565410200      0.223341904726      0.001107306957
      0.084017048400      0.113570685427     -0.112803202001
           2 d
      1.589023305000      0.329112459646      0.012472455512
      0.341207363200      0.944290733252     -0.013082575480
*
*
19      1.065385854400     -0.332950639800
           4 s
      0.886486441500      0.063980625243     -0.001297297899
      0.311389226900     -0.369122423465     -0.001949636273
      0.044213016800      0.504005567267     -0.009541464818
      0.018914654000      0.778224584714     -0.390743674949
           4 p
      0.208486743800     -0.134766455806     -0.046307907728
      0.070508442900      0.345028205270      0.017049171046
      0.027878618000      0.655228849863     -0.614306155797
      0.026338074500      0.658383394585      0.011985161550
           2 d
      0.597005432000      0.304919690982      0.123906060967
      0.124389561500      0.952378066763     -0.044461715446
*
*
20      2.307077855700     -0.016855738600
           4 s
      1.010163262300      0.071345239147      0.000487022984
      0.439108042200     -0.310516595176     -0.001582179046
      0.052327167200      0.946275800713      0.001850806697
      0.038105726300      0.055239568756     -0.139604839617
           4 p
      0.321255723200      0.527642102895      0.026054180817
      0.324439781400     -0.540175797837     -0.072758621940
      0.088337056500      0.228559136442      0.065379991711
      0.026972686900      0.614462887271     -0.183589427308
           2 d
      1.105481426200      0.333980385367      0.038578841994
      0.215558118300      0.942580024290     -0.020643724577
*
*
22      2.117454389800     -0.012246016900
           5 s
      1.073272166400      0.038054077243      0.001101997308
      0.489395862300     -0.368039776656     -0.001246758287
      0.235497543500      0.027087934802      0.000779332520
      0.111445963500      0.484235228080      0.000770705288
      0.038446589100      0.792389486098     -0.186528293826
           3 p
      0.596066690100     -0.110909991104     -0.001442710363
      0.119186130500      0.521202758766      0.005806248407
      0.049514596100      0.846195401859     -0.203310407893
           6 d
     24.630754850700      0.029690392148      0.000363567032
      6.954463658800      0.156893362290      0.000937480742
      2.344494206200      0.420519277833      0.001005917432
      0.815972029000      0.604317143729      0.000472265860
      0.273586713300      0.577274825670      0.000953104693
      0.088693978700      0.314993739457     -0.046726268513
*
*
31      2.302437169700      0.093205507200
           6 s
      3.210562438300      0.188839625667      0.002976343988
      1.755484591500     -0.500575637693     -0.003166252495
      0.260313293800      0.208081982564      0.003068050255
      0.152868069200      0.762926890240      0.003107246666
      0.073068646400      0.171531206258     -0.127703935236
      0.057602796500      0.242868525517      0.003853431004
           5 p
      1.066784960600     -0.324296685837     -0.005681042887
      0.792371659000      0.313017307846      0.002450642794
      0.205120571400      0.433380583585      0.003754179170
      0.067019303400      0.772328988797      0.004459906874
      0.062082291200      0.111986728589     -0.211229260712
           2 d
      0.338657869300      0.073826756914      0.078802610033
      0.114085693800      0.997271081484     -0.178290078203
*
*
32      1.059386593100      0.061301224600
           6 s
      3.185828155200      0.233901623764      0.003095251839
      1.902294440700     -0.546484161675     -0.003399136946
      0.316968527700      0.189591874361      0.004205234668
      0.186921294100      0.749963540294      0.004054355501
      0.065237857700      0.113155239970     -0.111158398261
      0.054794717700      0.188283277302      0.002513530758
           6 p
      1.204902277200     -0.366329219919     -0.002688075247
      0.842104054000      0.320298213402      0.003211793101
      0.261080620100      0.562039781186      0.005379319899
      0.100327876100      0.622354791461      0.005517457397
      0.075719489000      0.134269362947     -0.334028249656
      0.055322867300      0.204864572849      0.004528773310
           2 d
      0.377087240700      0.433981582871      0.052011824196
      0.127742489900      0.900921742289     -0.257652341067
*
*
33      0.208982481500      0.477604290700
           6 s
      3.393565825300      0.187929275953      0.003922872658
      1.896452013000     -0.553404940490     -0.002501382743
      0.363232236400      0.314751346195      0.014725984484
      0.235268176400      0.671469762645      0.002706922003
      0.155901277800      0.096624014064      0.002296521913
      0.079399919400      0.314879829315     -0.067643842039
           6 p
      1.357542614900     -0.455594306374     -0.004024337190
      0.948537254300      0.408300071758      0.003984537216
      0.330137584900      0.566996759242      0.003505336832
      0.184295835000      0.260420394326      0.003662372846
      0.140463340200      0.392210174681      0.004002119636
      0.059547480800      0.287388154777     -0.382834294208
           2 d
      0.335433427600      0.702200921510      0.089145613575
      0.188649563300      0.711978838050     -0.107885153536
*
*
34      0.343159398900      0.225423327300
           6 s
      3.759737139600      0.214094131892      0.006088427246
      2.167453172300     -0.570831856465     -0.001749625272
      0.352375557900      0.705451373506      0.002138820407
      0.191034770600      0.320511640135      0.002105782638
      0.113639485100      0.139859589564      0.002446287179
      0.073150123300      0.091458393261     -0.058885681156
           6 p
      1.483368694300     -0.365102999210     -0.002606525984
      0.994798730800      0.377664003480      0.002995331261
      0.368223820900      0.569730113041      0.002183809841
      0.215042033700      0.527601066818      0.002310351339
      0.100372055700      0.313859288126      0.002691272056
      0.070641232600      0.150355446480     -0.294495135819
           2 d
      0.333843661800      0.920469905974      0.038264183806
      0.136721522200      0.390813449355     -0.038955671245
*
*
35      0.395210535700      0.019854610500
           6 s
      4.425543575700      0.158528636141      0.003524132925
      2.323144893300     -0.538644311591     -0.000971284343
      0.422830986700      0.696941762021      0.002049389635
      0.242856056600      0.368132132704      0.004258593124
      0.137642145200      0.242014043697      0.002557764384
      0.076390438900      0.070079190837     -0.048603781698
           5 p
      1.779538069800     -0.381277935244     -0.003382583759
      1.288939390600      0.341296556700      0.006300512446
      0.457717401700      0.572662966601      0.004087770492
      0.206186567300      0.561830874083      0.003356287768
      0.089827552200      0.307484946122     -0.190220452176
           2 d
      0.465003314500      0.745019398065      0.040780455216
      0.186517214600      0.667042799606     -0.044330812681
*
*
36      0.292420687900      0.012289883500
           6 s
      4.151900548600      0.295111102747      0.002045973841
      2.825075829800     -0.614429257936     -0.001409158557
      0.463072567600      0.658516600372      0.002140475009
      0.231214361900      0.297563682295      0.001949246717
      0.152113379000      0.111613764207      0.001950397363
      0.066890435000      0.027207235807      0.005467789823
           6 p
      2.116806424400     -0.324072568056     -0.003423473317
      1.332999886400      0.307080995179      0.004511542619
      0.510418544300      0.646924106293      0.003908209371
      0.246582390800      0.560802320788      0.003175719621
      0.121025235500      0.242567829323      0.003674906197
      0.079356231800      0.093962965618     -0.112301601044
           2 d
      0.487739051600      0.611133183480      0.015942478382
      0.171746667300      0.791527783498     -0.015484790316
*
*
37      1.728909723800     -0.200187289200
           4 s
      0.649470188400      0.130048099155      0.001958575534
      0.320153284700     -0.380571422898     -0.003191113147
      0.024598331500      0.901515823619      0.002760769036
      0.018491198900      0.159756388741     -0.248098220722
           4 p
      0.191589772300     -0.145902955715      0.005247930417
      0.037173498300      0.446677757750      0.003275959136
      0.023381545500      0.126481128569     -0.382932042733
      0.020487730500      0.873609656747      0.004662481844
           2 d
      0.329047161900      0.401763382249      0.027636577906
      0.086344964000      0.915743514683     -0.056623893196
*
*
38      2.375234799500     -0.021045659500
           4 s
      2.009119042300      0.330322005685      0.011955975511
      0.557337841000     -0.892362614337     -0.004198872788
      0.105798666100      0.042022705667     -0.138860105320
      0.074239780000      0.304648041684      0.003123162888
           4 p
      0.509776634800     -0.825873658847     -0.011294850627
      0.122857459500     -0.471604803460      0.004329241660
      0.098835059300      0.288842091220      0.001195947955
      0.050116267900      0.109962972471     -0.040124470325
           2 d
      0.367948032700      0.289589284656      0.002394879299
      0.066931260900      0.957151004916     -0.145247320475
*
*
40      1.165535067900      0.105169903700
           5 s
      0.685458881700      0.054547638346      0.000805760107
      0.339565713400     -0.475581919437     -0.000523440829
      0.228019906700      0.037348777403      0.002917431444
      0.099303342900      0.680303083510      0.000816537411
      0.028653647700      0.553750102888     -0.251336209569
           3 p
      0.343676677000     -0.195981261394     -0.001996654710
      0.117238558000      0.582771309087      0.010763622031
      0.046616980000      0.788650078607     -0.354826146447
           5 d
      1.619249295600      0.089187229294      0.001722179851
      0.982427833600      0.344656506379      0.001722343269
      0.419695227100      0.648007109020      0.000758174974
      0.160285768800      0.604823110818      0.001360241777
      0.054019230900      0.295860308291     -0.121253974078
*
*
49      1.547438457700      0.094162137200
           6 s
      1.381792644100      0.322830073767      0.006232874502
      0.938083946300     -0.675914097475     -0.003443907478
      0.315544873000      0.160167083216      0.004543600878
      0.139672003000      0.568200475663      0.002937876181
      0.058154627900      0.084020731702     -0.145829242018
      0.055522604200      0.288714595858      0.003437983999
           5 p
      1.413684197500      0.305304579126      0.004747321542
      1.204647353100     -0.423144280177     -0.010046365126
      0.191011856300      0.439777333856      0.002308572021
      0.054370707000      0.712443936451      0.004845262142
      0.049350946300      0.163577401123     -0.304967125047
           2 d
      0.122195326400      0.399029396344      0.037381379876
      0.096308127200      0.916938133602     -0.077125264114
*
*
50      1.216712629000      0.091783115100
           6 s
      2.306795453500      0.194903258521      0.002902630251
      1.159626291300     -0.631412669442     -0.003307961434
      0.457375084300      0.142476767067      0.003643840947
      0.192391444500      0.560239745181      0.002735398753
      0.108283869600      0.405878613608      0.002959702071
      0.052051992800      0.253821020538     -0.116992687815
           5 p
      2.222086023800      0.133676934938      0.003075167279
      1.609338402500     -0.273142521333     -0.003622116687
      0.222747948600      0.646276602895      0.003699560661
      0.077571060900      0.617577413795      0.003177356360
      0.067448399500      0.329314941396     -0.313890348701
           2 d
      0.189308555000      0.674574654888      0.064418888152
      0.096647495800      0.738206634340     -0.295711652772
*
*
51      0.404841695200      0.635872923800
           6 s
      1.969745338300      0.403397217942      0.002176829108
      1.387565702700     -0.733438092282     -0.003620985007
      0.339035221000      0.167628205979      0.002770774852
      0.221976018500      0.261996052365      0.002675294924
      0.145984719000      0.428754980416      0.002734358187
      0.054528857200      0.136993683136      0.020875825934
           5 p
      2.123839621800      0.155672852236      0.003183380933
      1.399900524600     -0.372145710562     -0.003846117965
      0.259996801500      0.699308056064      0.004279014960
      0.118133266400      0.519328084016      0.003556239099
      0.053521821900      0.280250097349     -0.335648342365
           2 d
      0.192871109500      0.952005887673      0.043430125280
      0.130594047800      0.306079711570     -0.047487375909
*
*
52      0.374088945300      0.305164758500
           6 s
      2.291424806300      0.338575071347      0.001048430559
      1.580292538100     -0.668669713730     -0.001282276321
      0.289144119300      0.141685809545      0.001634080826
      0.247573824800      0.550567544654      0.001029480854
      0.181034772400      0.060521515148      0.001176354189
      0.099258287800      0.333744500110     -0.013168176195
           5 p
      2.427214428700      0.161542723341      0.003890152138
      1.525138339500     -0.404449253383     -0.002982320481
      0.322165327500      0.619116110456      0.004731405404
      0.146411468100      0.592025141185      0.003580042278
      0.062468167200      0.276633736106     -0.265690939187
           2 d
      0.199708384100      0.896228511705      0.039156812974
      0.145985530600      0.443592667665     -0.024077984808
*
*
53      0.654011088600      0.019198208100
           6 s
      2.661520842800      0.298750835964      0.002872025752
      1.596454123100     -0.721964429908     -0.001244602166
      0.334052082600      0.380239541286      0.006349494555
      0.275598680800      0.269897949739      0.002242779552
      0.219603118900      0.264390775044      0.002268457629
      0.104492691000      0.319665146676     -0.022128352056
           5 p
      0.985646585800     -0.474927003871     -0.001168140218
      0.621866517500      0.550614343601      0.010117985310
      0.222221788700      0.549438397004      0.004735097764
      0.184431847500      0.108431307010      0.003826745743
      0.087428822400      0.397024287887     -0.155386900726
           2 d
      0.316803561500      0.098487918808      0.043744839314
      0.214746618700      0.995138246601     -0.049812577912
*
*
54      0.280049772700      0.044510723800
           6 s
      2.819060185300      0.297028743222      0.002904060017
      1.691979257100     -0.696665477156     -0.002860239989
      0.382936899100      0.533536403637      0.001938359236
      0.296612273000      0.086364452802      0.003113406938
      0.174727069600      0.355748465734      0.001995667943
      0.077023016700      0.088058248071     -0.044672090068
           5 p
      1.066152956000     -0.541798429378     -0.003057622156
      0.746455734800      0.605014269251      0.003021354020
      0.284979052800      0.378780790403      0.004776811633
      0.170189438700      0.412892888173      0.003302530010
      0.067575171200      0.162655376930     -0.121148597065
           2 d
      0.209196698900      0.753874311191      0.063707547592
      0.072035117100      0.657018662540     -0.048317129451
*
*
55      1.464393016700     -0.598721886700
           4 s
      0.347997428800      0.547342389994      0.004218308409
      0.292181525300     -0.708415395790     -0.005075086958
      0.023447956200      0.386367578196      0.004794372135
      0.015792575600      0.222000066762     -0.165702409377
           4 p
      0.141454809300     -0.265408834649     -0.004414248898
      0.043142655600      0.243673306844      0.004327489614
      0.017772845400      0.916734879958      0.003708962363
      0.009671772000      0.172564857057     -0.107884483680
           2 d
      0.188559135600      0.621960373343      0.050740550943
      0.064004776300      0.783048717508     -0.059717644681
*
*
56      1.485287623300     -0.024567159700
           4 s
      1.151690248200      0.161347163275      0.004889311334
      0.361375763400     -0.402051493008     -0.003966060029
      0.029659371900      0.243283444280     -0.473666128636
      0.029145046500      0.867833426190      0.000310998259
           4 p
      0.250911621500      0.738177295506      0.011326018791
      0.196749695100     -0.648925063320      0.008629375632
      0.114635580000      0.182800966778      0.021402370104
      0.064458086700      0.023965582393     -0.031571493750
           2 d
      0.246532641900      0.320665995070      0.025833615168
      0.056795959500      0.947192335065     -0.190293331783
*
*
81      2.068351988300      0.127665785800
           6 s
      1.596654578000      0.227388494441      0.003019989378
      0.868116956400     -0.659997739256     -0.003909668898
      0.208454402100      0.508072399312      0.002392420979
      0.172102133300      0.177315519616      0.002556919607
      0.074851089000      0.470904135193      0.001922060886
      0.060221667100      0.036991834133     -0.089185894812
           5 p
      1.233446875700      0.245609956320      0.001758259037
      1.011046107600     -0.379354787579     -0.006091838012
      0.171645328100      0.541890343486      0.004569242938
      0.049318324200      0.581251162938      0.003443007477
      0.044357828800      0.405299439573     -0.289549614010
           2 d
      0.143542955400      0.600081302498      0.048808134459
      0.071327782500      0.799939016671     -0.054400537270
*
*
82      0.862940429300      0.072872851100
           6 s
      1.428054359600      0.330000251566      0.002602048586
      1.030092666100     -0.701241104375     -0.003676252981
      0.569323697800      0.071396137445      0.002611484259
      0.195914145700      0.537470978961      0.003822827421
      0.178843340500      0.162398533229      0.004451489375
      0.067915603700      0.281096072971     -0.084133965869
           5 p
      1.295211244800      0.345779266773      0.002665423637
      1.033057708000     -0.547502674508     -0.004381788907
      0.205303955400      0.574742001087      0.003419462527
      0.066593457900      0.466262194927      0.004572328122
      0.056567109900      0.181517816877     -0.263155043270
           2 d
      0.190227434600      0.483837962880      0.057702368986
      0.085931421600      0.875157600479     -0.049884124848
*
*
83      0.382420035300      0.323663065700
           6 s
      1.579919830300      0.088048329268      0.001627503043
      1.022505602800     -0.488435391868     -0.002102113134
      0.350378170900      0.116314495349      0.002423089895
      0.208622126500      0.789321773393      0.001899299128
      0.167096555900      0.104202162824      0.002021781361
      0.074422262400      0.325979056331      0.008143924127
           5 p
      1.447535514500      0.445719416393      0.002152990822
      1.239540124300     -0.615873863375     -0.002248579469
      0.224212078900      0.562627475175      0.001707152843
      0.087167489400      0.214706584968      0.001987199637
      0.055044837300      0.243690362574     -0.251142590059
           2 d
      0.119476601200      0.670363292191      0.003781158162
      0.112548391600      0.742033056192     -0.112248896152
*
*
84      0.401855631300      0.110274199700
           6 s
      1.817776413800      0.385824948215      0.002612636419
      1.350967922600     -0.717676516360     -0.001162163101
      0.678124637500      0.067820615181      0.001621759695
      0.254537262000      0.543673251076      0.002089729380
      0.140262645800      0.147547583461      0.001739153665
      0.071890267600      0.118865461913     -0.039072154811
           5 p
      1.706349015500      0.171676721087      0.002342666622
      1.152207679400     -0.426655245328     -0.002755006129
      0.282072785600      0.610260421319      0.002557281652
      0.201722059300      0.203334138678      0.002191433700
      0.098109459300      0.612151820459     -0.003189672318
           2 d
      0.168968626800      0.729058658525      0.051201527762
      0.113823174200      0.684451219905     -0.176170686154
*
*
85      0.670849703500      0.056608109500
           6 s
      2.012242778100      0.324545768835      0.001299196959
      1.324402128000     -0.740983637562     -0.001044185213
      0.511496464800      0.061034393042      0.001208685832
      0.333896252300      0.311950039231      0.001758456193
      0.247811723000      0.442999953879      0.001518472788
      0.098368841400      0.219832457908     -0.015907400502
           5 p
      1.945292140300      0.100653950247      0.002832999067
      1.219640083700     -0.318376955370     -0.002910116029
      0.326016323800      0.626851362122      0.003308037097
      0.135985388900      0.664363908418      0.002558382884
      0.057050666500      0.232772128027     -0.160962348803
           2 d
      0.207625931600      0.377384826227      0.055594991513
      0.153615790500      0.926056527936     -0.049319251024
*
*
86      0.257472522000      0.027702575300
           6 s
      2.008307328100      0.392140504464      0.001186669979
      1.505266910300     -0.709981438118     -0.001226809980
      0.327957002000      0.559144547044      0.001190267533
      0.243189903600      0.050551558524      0.001195764242
      0.145391918300      0.153789924576      0.001903000972
      0.077593465300      0.057469616560     -0.024528290432
           5 p
      1.861931184200      0.340947656907      0.002825922134
      1.584581398900     -0.492229825775     -0.002706665333
      0.317670001500      0.647428338215      0.002473012266
      0.143475944600      0.419167767957      0.001891885589
      0.079549917500      0.215868995111     -0.138697927616
           2 d
      0.241951636300      0.380538982795      0.036300305660
      0.105446395900      0.924764879617     -0.041975933297
*
*
