*
 1      0.430510801300      0.338592779900     -0.412740276100
           8 s
    348.826331487500      0.000934075311      0.000193631790
     50.878142025700      0.007630936415      0.002290885062
     11.555172085900      0.036877278793      0.012132918526
      3.441751065300      0.140394197910      0.037561534671
      1.128263564000      0.404375195401      0.133022656395
      0.479190246600      0.530186645611      0.000058401908
      0.212280692000      0.602967394932      0.000216308576
      0.071485194100      0.413138686912     -1.087691283197
           3 p
      1.391745214600      0.048970007245      0.708658055357
      0.329895765800      0.509584765661      0.023890294044
      0.065552963700      0.859025788319     -2.419438367412
*
*
 2      0.783905776400     -0.028835094100      0.081095406300
           8 s
    338.415088193300      0.002749928712      0.000162724702
     54.378973094700      0.019173412143      0.000360527651
     13.272659393300      0.088202040489      0.000330947991
      3.906962236800      0.289705247061      0.002712558932
      1.215237676200      0.612064702984      0.039898348849
      0.450765103500      0.619637958728      0.001017803401
      0.249568709900      0.047906097593     -0.499626726495
      0.200147637000      0.383466678235      0.000991824607
           2 p
      0.647616642400      0.081629682574      0.003162943901
      0.140307659000      0.996662728772     -0.789108604988
*
*
 3      0.838614963500     -0.763701264100      0.031254156900
           5 s
      3.758055039100      0.008881310617     -0.000038892229
      0.563723484600     -0.173954203448     -0.135089434915
      0.144897705300      0.011471776027      0.147439812376
      0.068683329400      0.477185988884      0.002458361533
      0.029517380600      0.861291465064     -0.504942861128
           4 p
      1.748222554500      0.037975680505      0.001583571447
      0.473800011200      0.079949335634      0.075776554904
      0.156993752300      0.401941077166     -0.001803113496
      0.059815952300      0.911377705404     -0.421170921727
           2 d
      0.383325600400     -0.022191904292      0.149784197355
      0.095517470100      0.999753729367     -0.408145713759
*
*
 4      1.035577341700      0.265438878600      0.576205906700
           6 s
      7.223700811100      0.011300644054      0.000297437039
      1.247593067600     -0.244482734840     -0.000687285687
      0.369212164800      0.085480766500      0.000668818940
      0.178074458300      0.607529109148      0.000485530204
      0.064595347900      0.750635891080     -0.330831954691
      0.017273157100      0.015737437139      0.000500804580
           4 p
      2.730362387300      0.054943706697      0.011610831169
      0.642594891100      0.228432925930      0.080462073110
      0.209753948500      0.528926741742      0.020313488568
      0.059777538300      0.815497448994     -0.332292048244
           2 d
      0.464069002700      0.264006806996      0.105893509877
      0.091677880300      0.964520816706     -0.363006059171
*
*
 5      0.736962064100      0.143273107200     -0.124904303100
           6 s
      1.543867919100     -0.560806076769      0.001155205774
      1.214555132500      0.433217116076      0.003335709523
      0.307118360200      0.548767976811      0.005307109253
      0.116657423500      0.415535032806      0.012534345439
      0.068624398400      0.099716384746     -0.310175781882
      0.050677977500      0.118576816236      0.014501419995
           5 p
      8.927670896900      0.021928680544     -0.001145757703
      2.354709411300      0.123741350094      0.013288620909
      0.691976605700      0.483924051376      0.001821482669
      0.232198171900      0.606526215539      0.002432501060
      0.076195529500      0.618183365685     -0.475043358330
           2 d
      0.693985648700      0.361619422178      0.016870879184
      0.164443108800      0.932325797940     -0.522066273567
*
*
 6      0.904828749600      0.049360147700     -0.037765959200
           6 s
      2.228396910500     -0.631495358032      0.000564494225
      1.936110831400      0.528659027938      0.000389530733
      0.507949350100      0.396894858661      0.000346614853
      0.193831470400      0.379302572959      0.000161311814
      0.136603170000      0.025445733879     -0.201824238173
      0.077067079600      0.140320308244      0.000135060743
           6 p
     24.232130404900      0.008012229112      0.000830149939
      6.493778818100      0.064336049923      0.000548531010
      2.250069310800      0.219036339693      0.002062071180
      0.778697549500      0.567183880356      0.000834583262
      0.277443535000      0.552163850436      0.000553252108
      0.094803908400      0.566777987305     -0.311362060282
           3 d
      3.294561134900      0.074389768613      0.001573311657
      0.765858359900      0.428092302724      0.011846344640
      0.177786715500      0.900668164572     -0.305783384722
*
*
 7      0.214250814100      0.206834213300      0.018448128100
           6 s
      2.693421723600     -0.630530093813      0.000368862930
      2.251174861700      0.595629302913      0.000390598146
      0.613945448800      0.389786318915      0.000370132188
      0.310383147100      0.262910514686      0.000192820731
      0.163819735700      0.143770837966      0.000368029686
      0.063836851900      0.077020564219     -0.110259581689
           6 p
     27.541205615300      0.016535255553      0.001414668826
      7.126627545900      0.114573037224      0.002050586415
      2.368701990900      0.339564940399      0.028335289913
      0.852453067000      0.654688856184      0.015605725385
      0.300026601000      0.614187018047      0.000838884203
      0.091388171700      0.255836010304     -0.338814482548
           3 d
      2.023014226400      0.163617257645      0.023187187197
      0.667351825400      0.662477608199      0.004880348384
      0.186932814200      0.730994399182     -0.392470588034
*
*
 8      0.394760964500     -0.035574495300     -0.016838855500
           6 s
      3.493730200300     -0.600856592330     -0.001099986519
      2.833458727300      0.594699572331      0.003844154902
      0.726808416300      0.467632347965      0.008744673272
      0.332849162500      0.208829278315      0.001205960054
      0.244280081500      0.128507578511      0.001004203308
      0.090870540800      0.080621932766     -0.067139604768
           6 p
     37.566451974000      0.017659377660      0.001201593418
      9.672383919800      0.117613771266      0.005997040490
      3.100697897700      0.355311636483      0.022944301601
      1.098786012700      0.620739040683      0.035951505957
      0.385733835200      0.626667240220      0.001323872124
      0.119404541400      0.285622130753     -0.286095734459
           3 d
      3.713528751400      0.131718130854      0.018367097828
      0.931444252700      0.779326818654      0.005647858657
      0.279217800600      0.612617371392     -0.035065789091
*
*
 9      0.216961100100     -0.015460313900      0.040620519700
           6 s
      6.818967189600     -0.481176626802     -0.003763944442
      5.192683707800      0.301164283421      0.006752849711
      1.367195020200      0.527796505314      0.006809310383
      0.698327325600      0.361436671096      0.003001989325
      0.426475441900      0.494145982829      0.003219629274
      0.160494862200      0.156151393301     -0.107872599701
           6 p
     53.820742193100      0.017416382691      0.000064241370
     14.902425456100      0.101110417567      0.000564168410
      4.751037357900      0.307045341449      0.002102380329
      1.690309500600      0.582790466619      0.002808431191
      0.569030440900      0.675699636580      0.001963509403
      0.178141899700      0.314613706808     -0.244284744231
           2 d
      2.046475707200      0.302742401189      0.170610532854
      0.603523076000      0.953072420397     -0.035488545365
*
*
10      0.054766370100      0.026678694200     -0.019078984500
           6 s
      8.837483762800     -0.437426820240     -0.000730946774
      7.521670174900      0.283226021310      0.001138339891
      1.758044035700      0.512229627565      0.001086751007
      0.692980589300      0.658903564562      0.001370428820
      0.305189039000      0.168182330963      0.001389670156
      0.184297067200      0.060186398734     -0.089030757645
           6 p
     72.673341949800      0.014249812849      0.000442795273
     18.724865073900      0.102117638373      0.001183532217
      6.085365848600      0.308380999612      0.001004409752
      2.176000471000      0.581469039392      0.001274391041
      0.738504996700      0.669252640321      0.001183039397
      0.237014754500      0.329036091481     -0.200603084075
           2 d
      1.863642772600      0.209134887533      0.046759307121
      0.438766048000      0.977886802660     -0.030103793040
*
*
11      0.729444802800      0.016579253000     -0.244768693400
           4 s
      2.197672653500      0.017120744135      0.000040901721
      0.538431007300     -0.249513500950      0.000036312051
      0.071040484000      0.410244396084      0.001487256510
      0.026358473200      0.877011646699     -0.718437419448
           4 p
      0.439865095200     -0.101344083937     -0.001726119345
      0.239977768700      0.087506127809      0.001224150061
      0.083195196100      0.322742853922      0.005146462256
      0.025596994500      0.936968038136     -0.760862754362
           2 d
      0.392088734100      0.103637943665      0.061141906756
      0.096525030700      0.994615089687     -0.611782865012
*
*
12      2.835140471500     -0.500726317300      0.073253982000
           4 s
      2.661825367700      0.026394940677      0.000782721329
      0.789808328300     -0.278462908597     -0.001149274139
      0.131155509000      0.515115222043      0.004782995237
      0.051712738500      0.810196287119     -0.153843073766
           3 p
      0.857639275000     -0.040507996049     -0.003164500361
      0.172374013100      0.245604355505      0.040296016178
      0.057698528000      0.968523413663     -0.182816546332
           2 d
      0.420365973400      0.033934957310      0.091774124912
      0.100873179500      0.999424043473     -0.135308356892
*
*
13      1.892092506800      0.250661820100      0.020137927800
           5 s
      3.334400184500      0.038158945445      0.000732440524
      1.036628102800     -0.353477842538     -0.001130091374
      0.365646325600      0.096210467392      0.000628851884
      0.168079451400      0.679559521021      0.001409935952
      0.065112026000      0.634460174535     -0.186224757029
           4 p
      0.902076911200     -0.129606170772      0.000536271703
      0.400697812400      0.277308359894      0.011708010582
      0.142297270400      0.593325599087      0.003821229991
      0.053928678100      0.744491133258     -0.281118120495
           2 d
      0.505608133900      0.268256753914      0.022269847731
      0.132685966700      0.963347452366     -0.236552903435
*
*
14      1.402846524200      0.024139905300      0.015778118900
           6 s
      4.284573543300      0.038448125112      0.002853652204
      1.320234475000     -0.385329478695     -0.000146226825
      0.307755372200      0.543424730176      0.002153562305
      0.129256753000      0.698082432495      0.001562589255
      0.096778965500      0.161685726250     -0.255230942969
      0.052292897800      0.203152997828      0.001816093578
           4 p
      1.199636845400     -0.102180405440     -0.011527904661
      0.498200138000      0.313077019214      0.044708959020
      0.188266661900      0.675086166390      0.000582150908
      0.070014715400      0.660151961849     -0.239249500579
           2 d
      1.065007693700      0.150806657673      0.084006892082
      0.287874428800      0.988563276681     -0.074750039113
*
*
15      0.279035180700      0.311215624400      0.049149998700
           5 s
      7.957014975400      0.028965991585      0.000465314795
      1.456447549500     -0.385735131104     -0.000466461856
      0.437101698500      0.497903178688      0.014075200695
      0.187761260300      0.739432793805      0.001877978674
      0.067569071800      0.236010482947     -0.100326378103
           5 p
      1.174589127000     -0.181991459979     -0.002125058604
      0.775900130600      0.360157329399      0.010271863631
      0.333541141300      0.643827861383      0.001606164252
      0.157253554400      0.560327633523      0.001321017028
      0.066597063700      0.329673223955     -0.360204702023
           2 d
      1.659953839600      0.220705666516      0.029752832553
      0.364883438200      0.975340457875     -0.042575807937
*
*
16      0.187479583400      0.219531668100     -0.071268705700
           5 s
      7.499403889400      0.040977672883      0.000635697833
      1.932688700100     -0.402868177224     -0.000630819491
      0.520168499700      0.520448842398      0.026006170347
      0.230093699000      0.729025420925      0.002003791038
      0.085595405700      0.183502044122     -0.087358477436
           5 p
      1.638624565800     -0.251317362936     -0.003014726926
      1.137988004800      0.384430198541      0.004220047400
      0.421707016900      0.645102041876      0.002995479526
      0.185366473100      0.563736780207      0.003493488952
      0.079150480900      0.234727935590     -0.273864860740
           2 d
      1.613838450900      0.266215003631      0.024140470860
      0.373667112300      0.963913674476     -0.029505814842
*
*
17      0.345950931200     -0.030386012200     -0.030439659300
           5 s
     16.392047014600      0.019141383562      0.000592746683
      2.130479894300     -0.394378450609     -0.000122233073
      0.702441714800      0.483898600098      0.023070719308
      0.294819796600      0.748329954391      0.001482194994
      0.111383915100      0.223480803012     -0.088008530102
           5 p
      2.686308835200     -0.142857724963     -0.000906246880
      1.639012482800      0.172671884042      0.002848194646
      0.647598082600      0.604664032512      0.000786739884
      0.263575460200      0.684570832843      0.000833077389
      0.104287027100      0.339882734905     -0.231653219217
           2 d
      2.105732607700      0.256352091163      0.067547608688
      0.486051848800      0.966583470455     -0.022891172694
*
*
18      0.356944251000     -0.044177462800     -0.063705051300
           5 s
     17.181344227400      0.008997649265      0.000406497158
      2.282199510000     -0.601083677847     -0.000548368993
      1.756574108100      0.445781081609      0.010006998017
      0.468175602000      0.623254185437      0.001092261661
      0.169862421700      0.226827913072     -0.044499895002
           5 p
      3.222123306200     -0.082540899914     -0.000831483786
      1.123674100700      0.496845520537      0.001202820026
      0.439515590800      0.761303047069      0.001060799296
      0.234341076800      0.252156591771      0.001265512407
      0.126600860200      0.321195037811     -0.170980064344
           2 d
      1.731507754500      0.315456978727      0.011702628197
      0.363518157600      0.948939879324     -0.013021991727
*
*
19      0.904605544900     -0.268939102900      0.063907461700
           4 s
      0.916932179300      0.058581785020     -0.001049474903
      0.303355310200     -0.377069416110     -0.002793642113
      0.044198089500      0.523372274626     -0.004266919507
      0.018335175500      0.761884697347     -0.462553775356
           3 p
      0.206844924000     -0.063382531688     -0.066184199883
      0.074729631900      0.224852676161      0.022387571338
      0.024739791400      0.972329125708     -0.509500336647
           2 d
      0.594620573900      0.264433245224      0.170806751294
      0.122538203100      0.964403991499     -0.053589109200
*
*
20      4.070522416300      0.090581060300     -0.035901520600
           4 s
      0.847793645500      0.120735390568     -0.000021105596
      0.477865061400     -0.337678275569     -0.000726660183
      0.050710668900      0.933109971953      0.001177231466
      0.039778183800     -0.026497696408     -0.077866977520
           3 p
      0.353414163700     -0.037985529108     -0.040332409521
      0.078934155200      0.578836004734      0.032513888917
      0.025004100600      0.814558763505     -0.146708403711
           3 d
      1.543264034500      0.244508563099      0.017873833726
      0.453188983300      0.612794683464      0.001114206673
      0.120369022600      0.751464063338      0.001960950835
*
*
21      8.006979611700     -0.587119295600      0.831720167000
           5 s
      0.774024215900      0.134902627553      0.000053486646
      0.485900093200     -0.438362619862     -0.006531066027
      0.104227211400      0.429818665817      0.001224574695
      0.038038147000      0.777681339429     -0.060676779915
      0.014189345700      0.010351009921      0.000344115586
           2 p
      0.456032202600     -0.129763938458     -0.001933473925
      0.117890688200      0.991544915915     -0.048066689034
           6 d
     41.036020101700      0.009570026279      0.000026938287
     10.236262682400      0.077918032034      0.000057187835
      3.249349907800      0.270029096626      0.000519823453
      1.143318797800      0.513189410048      0.001049578677
      0.382807231100      0.566883919101      0.015557972986
      0.130571144800      0.579828193119     -0.014842595612
*
*
22      2.147985644600      0.073652786700      0.539800351000
           5 s
      2.103254522800      0.010589850265     -0.000048614659
      0.448483286500     -0.354904845228     -0.001825176903
      0.119660679900      0.450813007203      0.000919993347
      0.116186333700     -0.003596572439      0.000773855483
      0.045227110900      0.818953663591     -0.151074524914
           3 p
      0.581170341400     -0.226970204639     -0.007331056919
      0.118858757700      0.847390103248      0.038348492790
      0.075977699300      0.480015144682     -0.043567160292
           6 d
     43.771594305700      0.011329572910      0.000182053187
     11.649308470900      0.085119871740      0.000144126724
      3.824568224600      0.292677320022      0.000006450474
      1.381315765500      0.539718719302      0.000566561001
      0.468515515800      0.605230569662      0.020200858412
      0.150645107900      0.499365493540     -0.019016202050
*
*
23      1.287015234700      0.043952210400     -0.141351537100
           5 s
      0.844415996800      0.085514465885      0.000817541321
      0.540445831600     -0.409069689974     -0.000982326318
      0.304912261600      0.020105390706      0.000295105622
      0.119040003400      0.583473028298      0.000907442591
      0.033021267300      0.696063404714     -0.295403252675
           3 p
      0.247938993800     -0.046305816258     -0.001424498196
      0.106590265000      0.513986089657      0.011584257011
      0.058548370200      0.856547763420     -0.251075517804
           6 d
     40.071931471900      0.019354155999      0.000189943005
     11.326132892900      0.117023865477      0.000705331497
      3.886165105800      0.359513016008      0.000774302683
      1.448177204200      0.594394330123      0.000425617211
      0.513201402000      0.597932369931      0.022162684748
      0.177848845100      0.381907690656     -0.022815018970
*
*
24      0.781217214500      0.022466163100     -0.015952324900
           5 s
      0.902035433400      0.001642654701      0.000321594470
      0.414604128300      0.101375274459      0.000638204577
      0.327795695000     -0.557010436833     -0.000748586577
      0.146044491700      0.615440245680      0.001564492967
      0.034748100000      0.548354841932     -0.302029307463
           3 p
      0.462349534500     -0.019455900953     -0.001046968390
      0.352850174000      0.033660480959      0.009970220222
      0.086684081200      0.999243934152     -0.544942261961
           6 d
     48.396260797500      0.018331542849      0.000444230030
     13.570542550800      0.112664484252      0.001391612943
      4.747649248000      0.345981606559      0.000489333635
      1.795185793300      0.592109618362      0.000566828619
      0.657337479200      0.604104176586      0.000982863846
      0.221345818200      0.389527585829     -0.070385335898
*
*
25      2.585600349400      0.913199609700     -0.061554950900
           5 s
      1.262582698800      0.065368522214      0.002388893372
      0.730778813700     -0.353392292482     -0.000108742003
      0.202334802300      0.004736373665      0.000291152653
      0.149888168100      0.352214923757      0.007290212448
      0.059462691500      0.864154533729     -0.224617969164
           3 p
      0.809894845100      0.684113060195      0.026536268202
      0.201559822900     -0.569834654085     -0.126666235455
      0.133371952300      0.455277704127     -0.679244708720
           6 d
     48.182601295100      0.022969292148      0.000142247917
     13.879324963700      0.130861854461      0.000374609086
      4.942333416800      0.378440217394      0.000599873927
      1.880249803000      0.607977423997      0.000073078289
      0.676963757100      0.595585487573      0.003916442381
      0.232591874800      0.338780116635     -0.005867772551
*
*
26      0.495737040300      0.425827890600     -0.195738872100
           5 s
      1.265890658700      0.129296373906      0.000270490300
      0.862440360100     -0.388817699718     -0.000399140400
      0.114809904300      0.006525150800      0.000282567700
      0.108137043300      0.820663188739      0.000770810100
      0.023469092000      0.398211749119     -0.483533333623
           3 p
      0.860463474800     -0.078815777403     -0.003098470000
      0.167298293700      0.314071065011      0.018267863801
      0.063578904200      0.946122317333     -1.103764905738
           6 d
     52.115513866900      0.024131843402      0.000122299200
     15.213322549600      0.132348725212      0.001706588600
      5.417767080200      0.385878609636      0.000678398500
      2.029764497800      0.608239581257      0.000241309500
      0.717974489000      0.586571138655      0.000654727800
      0.240598946800      0.344931991532     -0.060362387506
*
*
27      0.388310128800      0.438223845200     -0.256092172700
           5 s
      1.398615827500      0.052461649780      0.000837642554
      0.801017368700     -0.327584518394     -0.000491631033
      0.402617513700      0.003680507891      0.000376227104
      0.119118426700      0.858676663111      0.000974609276
      0.022543264700      0.390636660724     -0.556242499801
           3 p
      1.012508042800     -0.160783708017     -0.003871689654
      0.163238734200      0.749592851931      0.015628370022
      0.082388718200      0.642074104423     -0.911838771470
           6 d
     58.615956357200      0.023529486852      0.000220559649
     17.553442546000      0.127337242317      0.002630286926
      6.328371945000      0.376271003471      0.000645064041
      2.411086793300      0.598175905521      0.000149787628
      0.870446625700      0.592451520342      0.000318326273
      0.293767539000      0.364470168894     -0.070454636242
*
*
28      0.028331116900     -0.046586666800     -0.041662313500
           5 s
      1.531483068600      0.089457551719      0.001648308330
      0.948601221300     -0.335053024632     -0.000200843782
      0.204480743400      0.011027885788      0.000363336689
      0.106056043700      0.900797278282      0.001118420776
      0.023834171200      0.261111980386     -0.300631772322
           3 p
      0.822877631800     -0.210156226006     -0.003324136550
      0.220717832100      0.642733022137      0.020832932201
      0.065700172000      0.736701176140     -1.126382014728
           6 d
     63.928313818100      0.024305033861      0.000213947102
     18.205352262000      0.143458299607      0.002441186135
      6.402778074300      0.406756093605      0.009244079613
      2.363108425600      0.617559297082      0.000339335839
      0.810201233500      0.575199262923      0.000254114780
      0.241437230400      0.318032678256     -0.123176195284
*
*
29      2.268871234400     -0.075347027200     -0.549782149900
           5 s
      1.588351315200      0.062844620824      0.000490162773
      0.956203733900     -0.310324105855     -0.000323105440
      0.172037251100      0.007975894800      0.000405699691
      0.159430215000      0.479505240333      0.000390436074
      0.056682303600      0.818389034967     -0.287867218058
           3 p
      1.098992661600     -0.112281693584     -0.003248683595
      0.193644406200      0.542095072179      0.013162593032
      0.097380728700      0.832781936646     -0.260551410544
           6 d
     66.954016082000      0.026144152656      0.000178143035
     19.899350029500      0.142878750121      0.000458711565
      7.189518506400      0.401915058440      0.000249993278
      2.716203720800      0.605100193673      0.000154135543
      0.967626171700      0.565414865738     -0.000052852743
      0.300304335900      0.362665434064     -0.011790497304
*
*
30      1.326336681900      0.375518625200     -0.185368039800
           5 s
      1.813837549900      0.162621638649      0.001352822568
      1.135727803400     -0.418818303683     -0.001524117947
      0.370017620800      0.016090557381      0.003060159384
      0.149579409600      0.714960792317      0.003176875263
      0.051850250900      0.535460167105     -0.250438792571
           3 p
      1.212811197000     -0.055340234794     -0.004161731197
      0.183694144000      0.518244433540      0.002881585000
      0.048270861600      0.853440194459     -0.476572639022
           2 d
      0.196276059700      0.121349803035      0.857864221023
      0.069336488400      0.992609805162     -0.137300333577
*
*
31      3.520291612600      0.102551194500      0.168123691000
           5 s
      3.287687579600      0.172701994901      0.002393869023
      1.730604855800     -0.482799505789     -0.003559860764
      0.218611399700      0.219817071065      0.002979080797
      0.181023227200      0.595923481034      0.001996440209
      0.067483040100      0.577610870906     -0.095924277969
           4 p
      1.058814035800     -0.306372505393     -0.004217858246
      0.775120223300      0.300548219988      0.002886553888
      0.191265636400      0.440886518013      0.003702041767
      0.065608933000      0.788305609288     -0.145741743327
           2 d
      0.345203388500      0.014207745646      0.069258443335
      0.105087107100      0.999899064888     -0.137117320794
*
*
32      1.846117206000      0.078402791300      0.025439372900
           6 s
      3.178402010400      0.247115335623      0.003499241300
      1.917240683600     -0.569635352654     -0.003421975600
      0.287906364800      0.237379050222      0.005187857400
      0.191645661100      0.695166487666      0.005139699500
      0.071638286600      0.136395722713     -0.103471311910
      0.059486649200      0.237150845822      0.002833550200
           5 p
      1.211088691000     -0.346776913435     -0.002622470900
      0.814318366100      0.314243557432      0.003091958900
      0.241195856400      0.637203313764      0.005179307101
      0.084267599200      0.504697282451      0.005064381301
      0.079326208700      0.346769878935     -0.234736696924
           2 d
      0.374243013900      0.304101087628      0.035245846103
      0.119928823400      0.952639768487     -0.243337038122
*
*
33      0.231764921100      0.472087688400      0.142668989500
           6 s
      3.397047005800      0.181548221564      0.002516861580
      1.878577062100     -0.546422979835     -0.002271515825
      0.376493490000      0.336408693253      0.017713594589
      0.220981637400      0.689544286143      0.002765846953
      0.139046518600      0.095979967100      0.002247666216
      0.072682225800      0.265721442157     -0.084016624208
           5 p
      1.340575584900     -0.433037945871     -0.003348620510
      0.938587513400      0.401203939562      0.006255397003
      0.327566913400      0.483806175832      0.003560930862
      0.168487413900      0.556963145955      0.002463774794
      0.064585237000      0.327470875942     -0.298153850902
           2 d
      0.286681795800      0.899064276331      0.182005001359
      0.083451110500      0.437816659145     -0.388894845372
*
*
34      0.308600993300      0.280719828100     -0.050648194500
           6 s
      3.695302116600      0.231012624693      0.005769322469
      2.189839673000     -0.587466177523     -0.001846550480
      0.357893058000      0.677313952149      0.009422553845
      0.191637482300      0.333003806145      0.002002977909
      0.128491114900      0.149422226228      0.002709525782
      0.068349587100      0.097693045433     -0.071294964512
           5 p
      1.459027758700     -0.362049853573     -0.001779022900
      1.010971339400      0.370497981173      0.003094232149
      0.367369246400      0.571434428489      0.002286776523
      0.185135737800      0.560396762101      0.002299896908
      0.076787511000      0.301776924962     -0.279432396698
           2 d
      0.321876659900      0.951197372098      0.031962621595
      0.110904263100      0.308583148138     -0.068778068482
*
*
35      0.378307601300      0.029444267200      0.049747296400
           6 s
      4.524347605300      0.146767369467      0.004593243655
      2.292476602800     -0.532720839680     -0.000941840134
      0.425985472000      0.693955349544      0.002674637506
      0.245069182000      0.383993374507      0.004208158151
      0.135621902700      0.246134790479      0.002545816619
      0.076460599500      0.071137699713     -0.064423468582
           5 p
      1.772179797400     -0.389801881035     -0.003636974341
      1.310232596900      0.344336469234      0.006747957413
      0.464718344500      0.561211331747      0.004137323464
      0.204753003900      0.573568793513      0.003523886184
      0.087602620900      0.292485161544     -0.193757488206
           2 d
      0.456315670600      0.724038786250      0.043491234204
      0.184016803300      0.689759259456     -0.158933661721
*
*
36      0.410753112600     -0.074686947600      0.140188233100
           6 s
      4.153054339600      0.290975873968      0.003489288408
      2.816998722100     -0.612326523826     -0.000858003191
      0.462175533200      0.666682803776      0.004602659452
      0.222216527100      0.287210079767      0.001942896704
      0.163511846500      0.112201414178      0.001890603521
      0.069931182900      0.029060641310      0.003618802942
           5 p
      2.089541820800     -0.340092816227     -0.003271400719
      1.457328529200      0.289857130174      0.004951054840
      0.555609666500      0.565043169482      0.003697603254
      0.251173131100      0.630170478535      0.003231192336
      0.103814043200      0.289708655451     -0.125057816971
           2 d
      0.490307547900      0.595665673837      0.016687243553
      0.172951759200      0.803232472583     -0.016973819045
*
*
37      1.494163623800     -0.539346705800      0.142371168500
           4 s
      0.575107081600      0.218830308670      0.002396000866
      0.344298692200     -0.477443122928     -0.006063945098
      0.026005876600      0.793876786305      0.003121861426
      0.018243658000      0.306465346397     -0.294093366687
           3 p
      0.155097699600     -0.164728520938      0.000784131083
      0.082304413300      0.156479637150      0.001414176964
      0.022123051400      0.973847337906     -0.309332512980
           2 d
      0.331131031000      0.373484511075      0.029834318902
      0.088266301300      0.927636415837     -0.079837744649
*
*
38      5.138723907700      2.328274525600      0.079816347300
           4 s
      0.634975996400      0.229556715780      0.001927788007
      0.392309827600     -0.543778210671      0.000051665051
      0.055985615800      0.618584844883      0.000324068099
      0.031249200500      0.518615234562     -0.099121771497
           3 p
      0.193810432200     -0.175913121151     -0.036679436028
      0.101468397300      0.429451236211      0.001330770039
      0.033482525200      0.885791290047     -0.139179629646
           3 d
      0.763259635600      0.146590786940      0.016745014616
      0.255881196600      0.459223745669      0.030764280747
      0.080503161800      0.876141936331     -0.067997324175
*
*
39     10.538376363200     -0.633909961700      0.925738523100
           5 s
      0.672735798900      0.142309532158      0.000322858495
      0.380524097900     -0.486583117858     -0.006039998936
      0.101199911200      0.390409917641      0.000401886704
      0.054994082500      0.034783356404      0.000085459366
      0.032045640000      0.767694653360     -0.047346738475
           3 p
      0.288026949100     -0.304005155303     -0.001985561931
      0.100602807900      0.718862146914      0.011824221829
      0.090359225700      0.625154444344     -0.069740896385
           6 d
      8.170691181200     -0.012128304192     -0.000008768228
      2.283659403400      0.038141253939      0.000100833273
      0.902554765500      0.312613602210      0.000239757126
      0.366272019400      0.538303711830      0.003427135489
      0.158388093800      0.452161306041      0.000878123801
      0.071581448800      0.637534431892     -0.033973822835
*
*
40      1.314622310700     -0.094604323300      0.010999247700
           5 s
      0.536212197900      0.108648622530      0.000993809827
      0.340412470700     -0.507766967258     -0.000678176159
      0.265894788800      0.046003050516      0.038625160925
      0.137127924200      0.267439066477      0.001102605541
      0.047428528400      0.810387715139     -0.269790157318
           3 p
      0.352469500100     -0.152208668130     -0.001894962013
      0.112783729500      0.337690266126      0.007576658657
      0.053652961100      0.928869100310     -0.319904527153
           6 d
     10.120872738100     -0.011748389436     -0.000413662081
      2.241990353100      0.071155788510      0.000433436872
      0.919041228400      0.448363917745      0.001758243822
      0.364610197000      0.687827720507      0.000578357786
      0.147736572700      0.448460474154      0.001052665908
      0.063962495700      0.345752594199     -0.119481548100
*
*
41      2.962235524200      0.084361299500     -0.026134650900
           5 s
      0.762256242600      0.092230876925      0.000529714751
      0.433646624700     -0.453376253313     -0.001001984753
      0.171890004200      0.062191715251      0.016683142234
      0.110666450200      0.345252280821      0.000771655510
      0.048492959100      0.814172273795     -0.154459711098
           3 p
      0.390040081500     -0.207056697605     -0.001231114491
      0.106455793200      0.797607275952      0.007246940883
      0.091862053800      0.566524630820     -0.176684808266
           6 d
     10.147423001800     -0.015428082385     -0.000241377911
      1.885502459800      0.171917045594      0.000317733591
      0.889350013800      0.520104744098      0.000574875690
      0.383493170900      0.707055135217      0.000272005513
      0.155980936500      0.392442247881      0.002239201773
      0.073727263500      0.213915115678     -0.039815953741
*
*
42      0.891893148900      0.594623742200      0.022155835700
           5 s
      0.711334326200      0.158639649243      0.000141812288
      0.462617632300     -0.573093583810     -0.000111409089
      0.123473467400      0.661447577275      0.000227050724
      0.053158251600      0.236578602077      0.000144271899
      0.033064345400      0.391043314020     -0.296999587874
           3 p
      0.437841007500     -0.408492035308     -0.007657058201
      0.189398778900      0.232368451044      0.001937089786
      0.114137794400      0.882688597439     -0.095198744951
           6 d
     11.252515929300     -0.018892106329     -0.000364159973
      3.515808790200      0.050135309993      0.000180377551
      1.347940720200      0.472129656902      0.000809898205
      0.576342580400      0.677943019269      0.000804426516
      0.249126705700      0.497603129199      0.022709781615
      0.108148341700      0.258858097264     -0.069445062653
*
*
43     11.918321945900      0.749845554400     -0.532265116200
           5 s
      0.962778328500      0.060158806279      0.000111724726
      0.475571763600     -0.443468823882     -0.000353253662
      0.158215907000      0.385582819424     -0.000012696165
      0.110219450000      0.039803870281      0.000049221795
      0.053773689100      0.805889484698     -0.043373078477
           2 p
      0.457654564400     -0.157035011087     -0.001120978841
      0.136674143700      0.987593036272     -0.039041423275
           6 d
     14.515280851300     -0.015465259614     -0.000068815857
      4.275862394900      0.031892968108      0.000197796321
      1.743525641700      0.365782841572      0.000347472410
      0.868441101700      0.626997305662      0.000206933979
      0.385570217800      0.599463520913      0.005826952499
      0.150611105700      0.335357187085     -0.000515203878
*
*
44      1.424872484300      0.269394495600     -0.027180419600
           5 s
      1.065556602100      0.105507695577      0.000056291400
      0.587178007500     -0.445483478643     -0.000138818666
      0.122562141500      0.581105192723     -0.000019367118
      0.073203181700      0.051471908433      0.000057281932
      0.037815515000      0.670880014654     -0.258220561221
           3 p
      0.531881798100     -0.214350876533     -0.007816617991
      0.141252151900      0.535228131687      0.021187810982
      0.049019739000      0.817058473293     -0.313193012759
           6 d
     14.138179499600     -0.018613353169     -0.000080591647
      4.006803304100      0.045867509244      0.000249621497
      1.770372745000      0.428911089490      0.000961317215
      0.839120611000      0.628722781862      0.000448156060
      0.364414864500      0.576498407574      0.010657449350
      0.137828230800      0.293159072219     -0.029761223325
*
*
45      2.181184334900      0.247824364100      0.355980762600
           5 s
      1.224126235700      0.102378607704      0.000100978338
      0.640993496000     -0.472875092992     -0.000065962353
      0.138886160300      0.622306069917      0.000017378982
      0.060706792100      0.132277803537      0.000154618161
      0.046149230300      0.600953829465     -0.173465003962
           3 p
      0.467820067400     -0.376212646329     -0.002153297445
      0.185153288000      0.633600969731      0.014547700193
      0.088937708700      0.676027999344     -0.099429898799
           6 d
     16.889800867200     -0.019041010540     -0.000046024068
      5.731675419300      0.043072514309      0.000229174643
      1.880435799900      0.506989163867      0.001231212339
      0.843118938200      0.665234676398      0.000219991280
      0.361493118900      0.508446619700      0.011217411555
      0.141728380100      0.199221099244     -0.010536411279
*
*
46      0.258897026800      0.113919582000     -0.155039844900
           5 s
      1.513666226500      0.077954064379      0.000053804373
      0.697475138800     -0.415562673171     -0.000123757391
      0.097537513400      0.786505516503      0.000010964402
      0.057893238700      0.407121125873      0.000088112295
      0.016827479100      0.192073657464     -0.178861030460
           3 p
      0.663375303700     -0.184476097546     -0.001846264105
      0.113796127100      0.682673186469      0.006185509063
      0.069041164700      0.707054375498     -0.173283502114
           6 d
     18.980057615500     -0.015055213888     -0.000129050627
      3.612538510000      0.095140642221      0.000287191861
      1.902295226100      0.477721230394      0.020549599655
      0.882232282000      0.663837612450      0.001311577485
      0.370111897200      0.513572133251      0.000427451196
      0.142030416700      0.240971602080     -0.096163308884
*
*
47      2.616183441900      0.109202318100     -0.019083032600
           5 s
      1.631702521500      0.048920466938      0.000075908123
      0.665808578000     -0.381008094143     -0.000480668535
      0.133254149700      0.603561850037      0.000025398785
      0.065197973300      0.066333877386      0.000162869295
      0.042476460900      0.695523205941     -0.216087274779
           3 p
      0.586206561400     -0.277229617222     -0.001878532288
      0.162793413000      0.698369293107      0.013233246655
      0.089766721300      0.659866706070     -0.141887370438
           6 d
     17.556115732300     -0.019535521028     -0.000057556727
      4.609516705400      0.045940064086      0.000208749125
      2.325935069800      0.454409829480      0.000640166489
      1.081699965000      0.672393153808      0.000528391370
      0.449690952200      0.539290989463      0.001156198888
      0.169796628100      0.219253862447     -0.005669824583
*
*
48      2.266798893900      0.546925320100     -0.059114920600
           5 s
      1.346897357700      0.228413331395      0.001572186200
      0.864733774000     -0.535013676225     -0.002529118344
      0.410006417800      0.030968240678      0.005239808086
      0.127847171900      0.673564128770      0.003727396320
      0.047541343400      0.454906637450     -0.142481482821
           3 p
      0.768876350200     -0.112561329237     -0.008953847512
      0.154616477900      0.544209047969      0.003315257211
      0.038976208900      0.831364215773     -0.317295526444
           2 d
      0.106757899000      0.123032958054      0.635341923986
      0.034918914300      0.992402585261     -0.228705723781
*
*
49      1.832487830600      0.073066376500      0.041998354200
           5 s
      1.319882211600      0.365826341267      0.004392809198
      0.942338297000     -0.697418053780     -0.003933903844
      0.324201855500      0.171554771660      0.006230792045
      0.141118442200      0.461663143773      0.003889209628
      0.057007050800      0.370425766246     -0.117536752947
           4 p
      1.436504830900      0.249924787618      0.006513969035
      1.214046401200     -0.358799003317     -0.008326192533
      0.187530474900      0.393223299112      0.003445362370
      0.058776637900      0.808811667070     -0.261842695025
           2 d
      0.109185971800      0.120046868104      0.124215861326
      0.074120614600      0.992768225448     -0.383760324150
*
*
50      1.461739419400      0.119330699600      0.095239786500
           6 s
      2.249745437700      0.213691260470      0.002942869581
      1.184956268800     -0.638849449498     -0.003206960435
      0.460535747200      0.132811705456      0.003842697100
      0.182538593900      0.556398745652      0.002997099516
      0.129500096300      0.337959473752      0.002710570380
      0.051388379300      0.323685506173     -0.108720284345
           5 p
      2.294168818400      0.123851942291      0.002023691623
      1.601752719100     -0.268529560360     -0.003427746907
      0.222339157100      0.678728043036      0.006052121552
      0.078123586100      0.577094391484      0.002904938682
      0.066376669800      0.344735954779     -0.274541710225
           2 d
      0.194462382700      0.455998239181      0.070729496035
      0.091495320900      0.889980677242     -0.341045685024
*
*
51      0.419587171300      0.579452409400     -0.029392796600
           6 s
      1.954041090800      0.415478298004      0.002080955408
      1.397607658600     -0.735969513233     -0.003726937247
      0.339196158500      0.158671382261      0.002686795236
      0.223746062800      0.259507549859      0.002688324394
      0.145942419000      0.417646489365      0.002755622372
      0.052518484100      0.137030264604      0.001610971539
           5 p
      2.087707014800      0.164623973025      0.003279978544
      1.392881170200     -0.386283073736     -0.003867921356
      0.272482339100      0.630263331347      0.004299931669
      0.128302568200      0.578037613263      0.003700319138
      0.053555843700      0.303850267836     -0.326528018741
           2 d
      0.185875474100      0.965225873117      0.046635192898
      0.155179764700      0.261417317456     -0.054477356123
*
*
52      0.526368996900      0.287136773400     -0.070765237200
           6 s
      2.266934844100      0.332115229268      0.000994646232
      1.592889821200     -0.634392354356     -0.000826559541
      0.337080838200      0.098253547178      0.013180580670
      0.220927849300      0.653157798010      0.000941337514
      0.179760555700      0.034351035679      0.001270474792
      0.079167161500      0.223152308828     -0.037539392988
           5 p
      2.319181611500      0.194494676521      0.003939986148
      1.550158196800     -0.435954792974     -0.003385527681
      0.358614940000      0.473182569099      0.004659376432
      0.165157548000      0.665992670337      0.003616975620
      0.065325451300      0.323523196457     -0.241104482231
           2 d
      0.187810284100      0.917751904427      0.089341665025
      0.041197124500      0.397154179029     -0.325119137259
*
*
53      0.623294694900      0.048405941300     -0.028484936700
           6 s
      2.597332112600      0.324310334735      0.002704009396
      1.622949035200     -0.731162242528     -0.001394719868
      0.340851231400      0.365918509623      0.009780661191
      0.274367518100      0.258402833973      0.002187143064
      0.206583376800      0.279549660860      0.002335373276
      0.101198942300      0.285321202697     -0.031781399934
           5 p
      0.946346102500     -0.530780175297     -0.001648015739
      0.658941552700      0.594244099965      0.007971329133
      0.218659223200      0.493473267854      0.005381146936
      0.187094422200      0.113082256853      0.003977422622
      0.082899426900      0.329913461784     -0.147552760210
           2 d
      0.246726002600      0.885454660868      0.087191026700
      0.122364079100      0.464725772415     -0.230341860731
*
*
54      0.334786946900      0.104830059400      0.177962913000
           6 s
      2.668684410600      0.356739257271      0.004690551585
      1.756942086700     -0.723336328434     -0.000826766222
      0.389632352100      0.444171136262      0.002227430613
      0.334038144300      0.082484190255      0.003465990191
      0.179093131100      0.374268946523      0.002137202241
      0.072115505700      0.073162654589     -0.035556621642
           5 p
      1.038186965700     -0.576627186466     -0.002755120389
      0.764268425300      0.641191123909      0.005017765798
      0.271406201200      0.322620434279      0.004663605670
      0.186018802000      0.341111691340      0.003417493313
      0.076374098700      0.189562390429     -0.103046535214
           2 d
      0.204869092700      0.662192162475      0.054750095179
      0.067472483600      0.749334064324     -0.414397016999
*
*
55      1.802643646800     -0.781262361400      0.308305055300
           4 s
      0.347925109100      0.546258566316      0.004863073119
      0.292073742300     -0.708338263126     -0.004516257341
      0.022751693400      0.378423366983      0.005335344768
      0.018662997900      0.238021509612     -0.147143676111
           3 p
      0.114163933300     -0.224269983300     -0.006502448069
      0.083241730900      0.158929757062      0.001329306122
      0.019980063200      0.961480268602     -0.228239357511
           2 d
      0.227347559700      0.392352988461      0.049423913493
      0.070062788800      0.919814727239     -0.071089784323
*
*
56      5.709966926700      0.483185221200     -0.068017354400
           4 s
      0.472695117000      0.250162251259      0.002492207969
      0.311529580400     -0.513047309299      0.000946238302
      0.036448358500      0.818195990067      0.001054052013
      0.031211484500      0.068968313774     -0.074142372093
           3 p
      0.133541983400     -0.237161167016     -0.064455688535
      0.093891237600      0.565529230967      0.000217824468
      0.026520324500      0.789893201504     -0.098406677763
           3 d
      0.306132939400     -0.040941572688      0.143168616507
      0.101473123300      0.979414150086      0.001545612669
      0.028487899200      0.197665652647     -0.012694108937
*
*
57      7.478065370800     -0.113936433000      0.467526406100
           4 s
      0.345792987400      0.120384076377      0.001360240338
      0.206338305400     -0.636859922898     -0.005046793626
      0.119795778800      0.454258429476      0.000030537569
      0.035210146400      0.611200778804     -0.053583212254
           2 p
      0.172538909700     -0.432081134353      0.001716708189
      0.109909981800      0.901834737264     -0.060333809206
           5 d
      3.044770530100     -0.019242842085     -0.000040569554
      0.544534341100      0.226298190776      0.000221649139
      0.330591173300      0.370764952990      0.014600890355
      0.146014669700      0.600077658139      0.000170891262
      0.059749731300      0.671460345603     -0.051928535175
*
*
72      1.302398954900     -0.377570687000      0.072152373100
           4 s
      0.683719122500      0.179963590335      0.000034268847
      0.467690822400     -0.518886927296     -0.000335628203
      0.103275431900      0.619464503722      0.000008831109
      0.034338739000      0.560921733813     -0.168650741999
           3 p
      0.378478442500     -0.199730370893     -0.000586776416
      0.124446838500      0.445973782744      0.002910881565
      0.050513282100      0.872476454724     -0.253400864296
           5 d
      6.614968332800     -0.014191213616     -0.000124159178
      0.981230092500      0.369786328728      0.000111752227
      0.390875056400      0.636034735489      0.001068692244
      0.158221984400      0.486854179020      0.000848259023
      0.062285772400      0.470626714248     -0.147527425967
*
*
73      2.299911707800      0.027759507200     -0.035062761100
           5 s
      0.696078766500      0.186429788982      0.000051972824
      0.449655188900     -0.684987490076     -0.000250590288
      0.218633460200      0.451532419532      0.000014608527
      0.082910012200      0.314544920828      0.000175081389
      0.039026549800      0.439563464260     -0.118679243721
           3 p
      0.385421004700     -0.231160665210     -0.001847341996
      0.147878181600      0.396613227283      0.000160396850
      0.079503340000      0.888404578333     -0.191999177793
           5 d
      6.039633595500     -0.021927033387     -0.000186568496
      1.079086716800      0.386990197425      0.007360782529
      0.446354045900      0.647655183044      0.013951402336
      0.183685624800      0.498114945228      0.000851313606
      0.072921444300      0.426827901526     -0.094716787641
*
*
74      1.987551065600     -0.037403489700     -0.056067273200
           5 s
      1.123015755700      0.131194676946      0.000218177171
      0.589628054000     -0.527568365502     -0.000091911378
      0.136260077300      0.610100255095      0.000025965445
      0.061637105500      0.236210548863      0.000190150697
      0.037740058100      0.525777359537     -0.156466813173
           3 p
      0.440984597200     -0.212382815893     -0.005050362676
      0.155086970500      0.377450403073      0.012145657015
      0.067186510500      0.901346067131     -0.209557224418
           5 d
      7.448901166200     -0.017377103047     -0.000088620830
      1.105060746800      0.483399369378      0.000713297210
      0.452604253000      0.701456348759      0.000947721628
      0.188315344400      0.429749914087      0.004061782493
      0.085878138100      0.298826183763     -0.071553133407
*
*
75      4.855512966000     -0.068843992800     -0.068677645300
           5 s
      1.125661865800      0.121027276760      0.000117628623
      0.609051753000     -0.498445224299     -0.000302842556
      0.141482371100      0.607704403042      0.000039628229
      0.054449978300      0.071747040959      0.000182032715
      0.047810397300      0.602040262184     -0.073153690190
           3 p
      0.434510505800     -0.233039121082     -0.000827601090
      0.204220871200      0.190727203065      0.001961905295
      0.119393547800      0.953580569253     -0.098668453458
           5 d
      7.059222535600     -0.023458186555     -0.000064075294
      1.551407572600      0.043856626327      0.000465660048
      1.113755109700      0.521078647938      0.000788593099
      0.445844601800      0.726204552332      0.004419857038
      0.159895887200      0.445679594155     -0.007768508215
*
*
76      0.728935428500     -0.068385648100      0.014364177300
           5 s
      1.033161240200      0.178848231321      0.000408925800
      0.658886221600     -0.543888672763     -0.000240137900
      0.136189501000      0.723731459284      0.000100582200
      0.055692997900      0.212031303625      0.000510547100
      0.030756966100      0.321642539037     -0.229275905527
           3 p
      0.504424466700     -0.336065100242     -0.001702372500
      0.160175249300      0.744227687392      0.003885982400
      0.064338280500      0.577222138971     -0.313900135739
           5 d
      6.837158000800     -0.030605820403     -0.000101419300
      1.303884173000      0.523592466852      0.000969515100
      0.575329906800      0.655837304965      0.000590232900
      0.265888290900      0.453235720545      0.002837859500
      0.112377229800      0.298946522730     -0.114858618611
*
*
77      1.402540770600     -0.013027002200     -0.135945035100
           5 s
      1.079460909200      0.170061381444      0.000106112320
      0.649242345900     -0.610613856250     -0.000384791481
      0.219942617700      0.485060833443      0.000064703302
      0.083492292700      0.470804098531      0.000174242861
      0.038851989400      0.375884734676     -0.193053993912
           3 p
      0.448705043300     -0.462757515885     -0.001286479573
      0.241858705700      0.526452680705      0.004058208947
      0.108175762700      0.713234222728     -0.111862231733
           5 d
      8.402425523300     -0.022056277331     -0.000385678464
      1.329828957500      0.590801668333      0.000600151921
      0.577761343100      0.649058090351      0.000748325867
      0.273438765200      0.403532127490      0.001530769783
      0.121061362600      0.257589453896     -0.065396217955
*
*
78      1.091581166000      0.839680916000      0.842082805200
           5 s
      1.369802383800      0.116496423511      0.000119273639
      0.725745391000     -0.485117003069     -0.000311330499
      0.131961578700      0.715370861445      0.000050033379
      0.077782189500      0.099729234883      0.000305997094
      0.039261116000      0.478945390360     -0.190098350049
           3 p
      0.547932556800     -0.271255417523     -0.002809177939
      0.148124765500      0.656464922878      0.012115336041
      0.055046113600      0.703899356084     -0.300793289291
           5 d
      8.476017664700     -0.026129113597     -0.000083429115
      1.425761091600      0.588021546234      0.006127639740
      0.620329977400      0.655821221418      0.000787708736
      0.269675351300      0.431554839071      0.000651293570
      0.106042633600      0.192890842183     -0.043923869542
*
*
79      0.575867022500     -0.147766048500     -0.011037442900
           5 s
      1.310123518500      0.118835795001      0.000115037264
      0.742420501700     -0.486682687263     -0.000507966923
      0.149240097800      0.731445703049      0.000035147251
      0.056981966400      0.062461009844      0.000199609554
      0.046227560900      0.458370834025     -0.221641904291
           3 p
      0.555119054400     -0.325479913579     -0.001821363516
      0.182154764200      0.693935834511      0.019337608666
      0.067945967100      0.642273994054     -0.375707458419
           5 d
      8.872402737800     -0.027268424918     -0.000077503101
      1.496889284300      0.632705667129      0.000696182292
      0.662873156300      0.635044137955      0.000889758651
      0.304430836400      0.401604671197      0.001065736380
      0.132425131800      0.185398497046     -0.059426216218
*
*
80      2.616947202400      0.046670156000      0.024422761000
           5 s
      1.441411186700      0.241608790372      0.001700363291
      0.885905465500     -0.577193143419     -0.001446713164
      0.307283362700      0.036222240619      0.009434130434
      0.137332149700      0.654202104394      0.004476360816
      0.058781080000      0.423297559047     -0.103350480753
           3 p
      0.601613834500     -0.149468360494     -0.010100502196
      0.145553015900      0.651741556956      0.004224611008
      0.027750975800      0.743567180656     -0.242104093246
           2 d
      0.077746138900      0.567480920441     -0.165569956071
      0.038545708800      0.823386546487      0.969591590264
*
*
81      2.209619685700      0.045749533000      0.020018984200
           5 s
      1.428170452500      0.335876991619      0.002741820976
      0.968416524100     -0.659561379254     -0.002609330280
      0.259812788000      0.037608881004      0.002214934559
      0.167929051500      0.593078710365      0.005960730625
      0.060827419600      0.314656398122     -0.072223004040
           4 p
      1.168868400600      0.424776937286      0.002835727718
      1.068001063500     -0.513411316440     -0.007256572819
      0.168832747200      0.372347882715      0.009034720726
      0.051899410700      0.646011167039     -0.182788073269
           2 d
      0.560452702100      0.006636252635      0.078500956989
      0.085989128300      0.999977979833     -0.045466526150
*
*
82      1.261486227700      0.107262078200      0.099253571300
           5 s
      1.407215073600      0.319333836159      0.003551746566
      1.034312431000     -0.652407094189     -0.003033686019
      0.511427427200      0.070340144834      0.002609381328
      0.187689547500      0.633905774097      0.006496567029
      0.063901448700      0.256137888893     -0.071904494748
           5 p
      1.270742190500      0.358390175173      0.002698117640
      1.019223853300     -0.565143396578     -0.003925033554
      0.221524629200      0.509283362493      0.004623116733
      0.074068850300      0.510101822388      0.004653398948
      0.064399927000      0.180543654357     -0.220819750578
           2 d
      0.203471584700      0.046189980861      0.330420534103
      0.084083059700      0.998932673241     -0.062381493061
*
*
83      0.980646268200      0.194643772400      0.012451951100
           6 s
      1.628667540400      0.075166569559      0.000953621297
      1.012523139300     -0.471863910347     -0.002315206761
      0.391487771700      0.139063705733      0.002606206522
      0.192667561200      0.831000679117      0.001648089929
      0.165101729400      0.100913221809      0.002274196564
      0.061093655300      0.227178598578      0.000297475542
           5 p
      1.383510008500      0.462701083204      0.002325682587
      1.191551314700     -0.640792751475     -0.001642721760
      0.276165948200      0.343452055185      0.002104660365
      0.140515056900      0.316292405213      0.002412151474
      0.062094608200      0.396600753218     -0.188274186820
           2 d
      0.109233291800      0.999902349743      0.202146267356
      0.029115786800      0.013974654864     -0.389169233817
*
*
84      0.573143455500      0.359695132100      0.060382642800
           6 s
      1.797678483000      0.397390897661      0.003707201412
      1.350924822400     -0.727889379781     -0.001059391151
      0.695689178100      0.072998241457      0.002157336959
      0.254374787900      0.520384969839      0.002062373939
      0.146623949300      0.151721919593      0.001718976061
      0.072260965600      0.114493337288     -0.037253820802
           5 p
      1.659601390700      0.229919950254      0.005938695084
      1.245517554200     -0.445296382527     -0.001195292929
      0.251887068300      0.697691846836      0.003057080129
      0.146655893200      0.237187738173      0.002572672335
      0.077299534200      0.453669496332     -0.250095025826
           2 d
      0.156413929200      0.745132599494      0.137011114688
      0.042487880400      0.666916343457     -0.488379586788
*
*
85      0.647466680700      0.056946062700     -0.079780427900
           6 s
      1.963883870900      0.330949863797      0.002455112600
      1.306066688100     -0.751962434604     -0.001023411126
      0.546200682200      0.062912828738      0.001297075841
      0.379279287800      0.303361717172      0.001747814522
      0.233827950200      0.428220206005      0.001589864906
      0.105225763500      0.213695541137     -0.015586435683
           5 p
      1.920280825700      0.110689849124      0.002934163113
      1.232175992700     -0.331039221715     -0.001831270591
      0.326240395900      0.623602348835      0.009484953294
      0.141549793300      0.637533237059      0.002836066854
      0.064422218500      0.287805964427     -0.187468330430
           2 d
      0.190850370300      0.370332302836      0.056905140161
      0.164320129400      0.928899340874     -0.052317786714
*
*
86      2.160693855000      0.051546873000     -0.107921311800
           6 s
      1.972849945700      0.390378775075      0.003997632848
      1.468992916600     -0.731164660005     -0.001434202676
      0.370215348300      0.502332517440      0.001413026243
      0.217702850500      0.046279561691      0.001340141342
      0.154158517000      0.232499769103      0.002156163528
      0.097969463000      0.066833774324     -0.018869585715
           5 p
      1.760338463900      0.308790681613      0.002474816942
      1.462792294000     -0.485867348080     -0.003307068604
      0.375064736300      0.503891735490      0.000437703842
      0.160715384900      0.623309894625      0.026917085428
      0.056577871200      0.161737840923     -0.014607018263
           2 d
      0.163452278700      0.602105331017      0.078360814159
      0.039750041600      0.798416664631     -0.216794079547
*
*
