*
 1      0.339388602800      0.342464323300      0.270874011900
           8 s
    419.503407365600      0.000776597431      0.000202818935
     58.343060080300      0.006484774605      0.002616153651
     12.617640168700      0.035856858814      0.013859423592
      3.443527109200      0.151037595836      0.044697337041
      1.076623891800      0.438553520730      0.203595263459
      0.461904012500      0.481718143653      0.000075687628
      0.217204247000      0.657135020646      0.000293061639
      0.067354974600      0.345906460024     -0.813083523028
           3 p
      1.333857549700      0.048284081815      0.784374979319
      0.303227317300      0.522332348402      0.037758338540
      0.065836714000      0.851373927987     -2.247739762047
*
*
 2      0.782577806600     -0.023069076100      0.089209111200
           8 s
    338.993515632100      0.002748327978      0.000162720939
     54.379401430900      0.019173514011      0.000360529460
     13.272630603400      0.088202547611      0.000330949607
      3.906921909000      0.289705907208      0.002712573893
      1.215220716400      0.612063864959      0.039898540325
      0.450761476800      0.619637574230      0.001017808751
      0.249568515100      0.047906335635     -0.499631210052
      0.200146815300      0.383467998400      0.000991829617
           2 p
      0.647616312900      0.081681457930      0.003164950315
      0.140305071900      0.996658486860     -0.790104216830
*
*
 3      0.838339769400     -0.751150556100      0.029234475700
           5 s
      3.729626903200      0.008879347531     -0.000036867817
      0.564630903400     -0.174393353405     -0.131073076381
      0.144208367600      0.011043858804      0.143470083885
      0.069766554900      0.463185870970      0.002392840730
      0.029719543200      0.868818161408     -0.503862826139
           4 p
      1.734716072900      0.038096674586      0.002023140715
      0.467738439100      0.080909580605      0.077216668753
      0.154594089800      0.403856405827     -0.001827961059
      0.059179345300      0.910440710109     -0.425082041628
           2 d
      0.382767574300     -0.021190254414      0.147383819700
      0.095431861800      0.999775461350     -0.410728446960
*
*
 4      1.068027025100      0.259616775300      0.621514977500
           6 s
      7.086621679200      0.011685603734      0.000293133536
      1.250389559800     -0.246433752554     -0.000717959401
      0.368404297700      0.090987197416      0.000705011902
      0.175869970800      0.613241091986      0.000509123373
      0.064466453700      0.744648889705     -0.320164180175
      0.017808824500      0.016987534675      0.000508242358
           4 p
      2.717647235700      0.054276508979      0.012972907344
      0.637659897600      0.225773963788      0.086634368477
      0.207710695900      0.525367373692      0.031245430825
      0.059355153900      0.818577608116     -0.322169194157
           2 d
      0.465964814800      0.249381617148      0.119126127618
      0.092047153000      0.968405291719     -0.348531163766
*
*
 5      1.220426675100      0.295711527100     -0.224471819100
           6 s
      1.547921967700     -0.545491122896      0.001032073367
      1.219853050900      0.420478905443      0.002539037238
      0.301262246700      0.530018215825      0.005387545344
      0.118446568300      0.466065516501      0.013047666765
      0.108754953700      0.110518178092     -0.385189378268
      0.071900266800      0.123637706434      0.013525278467
           5 p
      8.840792190200      0.021408223000     -0.001005775720
      2.297599838800      0.114042687406      0.012544686371
      0.676614966700      0.443420629340      0.001831074477
      0.241261527400      0.535249633162      0.002078900575
      0.082425167300      0.709522324605     -0.374319879851
           2 d
      0.677851038700      0.353727972312      0.014583317252
      0.169906290000      0.935348342386     -0.398466091318
*
*
 6      0.900411963000      0.051005002500     -0.036989016300
           6 s
      2.219589295000     -0.632113466710      0.000538489932
      1.935052030600      0.535746434224      0.000388924970
      0.503076323800      0.381854472446      0.000352294723
      0.192305277800      0.385677656969      0.000238443882
      0.142984130400      0.029926526695     -0.212100353666
      0.076166491400      0.133987436750      0.000135078550
           6 p
     24.445165971000      0.007825246408      0.000839138694
      6.487350219900      0.065356758357      0.000519140486
      2.227378942600      0.221913981049      0.002281552327
      0.776742375800      0.561595286648      0.000827579863
      0.282489828000      0.545987823604      0.000561601063
      0.097194329100      0.577000411752     -0.300729749075
           3 d
      3.281435289200      0.072700694315      0.001610945165
      0.757690838600      0.417463087936      0.011910613678
      0.172242978900      0.905780977531     -0.302166862198
*
*
 7      0.212625907100      0.210429645000      0.058092173800
           6 s
      2.697900066500     -0.629842592847      0.000363470117
      2.255438485900      0.594983667700      0.000391252556
      0.611496986400      0.394382109076      0.000372015398
      0.307558452200      0.260563492328      0.000189453814
      0.166604574900      0.139775960688      0.000370218234
      0.067887438400      0.079528879823     -0.105205138670
           6 p
     27.777176475300      0.016234029325      0.001421234229
      7.118802060500      0.114683990457      0.002043150172
      2.352728110000      0.342652182378      0.025443430246
      0.843711567300      0.652304793946      0.019366864449
      0.298136726100      0.618238559669      0.000828374744
      0.091000390900      0.247897276446     -0.332028191159
           3 d
      2.140258372500      0.171286068488      0.022847069308
      0.661318300900      0.657727133514      0.004404110940
      0.187138840200      0.733523074335     -0.347104758515
*
*
 8      0.351292891600     -0.036576259900      0.080775988200
           6 s
      3.491052207600     -0.605196525962     -0.001104613116
      2.843905251000      0.597727712440      0.003813301012
      0.732313907600      0.455896740780      0.008843647742
      0.338858847300      0.215391627976      0.001201189525
      0.250005196400      0.125911010305      0.001036884282
      0.092444789200      0.079810854979     -0.066295945603
           6 p
     37.507032003800      0.017765759314      0.001184460403
      9.665015551200      0.117661541178      0.005976614879
      3.117376802100      0.351792487886      0.025523426712
      1.113360133500      0.613864945799      0.035999910129
      0.395147426700      0.635991035878      0.001297889479
      0.122544471700      0.284196086518     -0.279534466740
           3 d
      3.704398741100      0.132092497022      0.017982089711
      0.919381391900      0.789838967428      0.005543289285
      0.280883600400      0.598920677354     -0.034935817941
*
*
 9      0.195553537800      0.012109837600      0.106496979100
           6 s
      6.821048516800     -0.483977624720     -0.003772989517
      5.221337503300      0.303296135313      0.006890238721
      1.369671290800      0.530708727132      0.006969578838
      0.691256693300      0.350687948921      0.003046673886
      0.431791128700      0.494127117990      0.003252857584
      0.165987861300      0.158056046291     -0.106798843691
           6 p
     53.501822939800      0.017643913539      0.000063831362
     14.868576821100      0.101260184499      0.000564319313
      4.769352824600      0.305035841381      0.002050608298
      1.704805971800      0.581063401692      0.002821336000
      0.576401218300      0.675946972367      0.001918257202
      0.184902796500      0.319138240555     -0.242042950507
           2 d
      1.977135253000      0.304566249096      0.184304118398
      0.565298176100      0.952491154768     -0.034313834670
*
*
10      0.055205632800      0.029099182500     -0.017286302900
           6 s
      8.833098564800     -0.439620930735     -0.000730818245
      7.534603588100      0.285836161187      0.001150557635
      1.760056972700      0.509018316183      0.001092661891
      0.693642500500      0.659376219682      0.001376443475
      0.302127537900      0.165362083665      0.001380012825
      0.185949751700      0.061724081292     -0.091425475158
           6 p
     73.115739527300      0.014114977895      0.000443215781
     18.832834080200      0.101179055647      0.001177591743
      6.124113292000      0.306875521706      0.001004991179
      2.184021546700      0.582105501399      0.001267369237
      0.739945105400      0.669096378248      0.001196237746
      0.237696093000      0.329930601993     -0.200318035986
           2 d
      1.876455754200      0.207248695075      0.046884269784
      0.436979218600      0.978288290020     -0.030332495776
*
*
11      0.739318286000      0.013669161700     -0.247861288200
           4 s
      2.194683907700      0.017152270698      0.000040508614
      0.537746938200     -0.248230574413      0.000037133045
      0.072343207500      0.396929860149      0.001528081798
      0.026491218800      0.883478391167     -0.708344571761
           4 p
      0.439828871800     -0.101338921529     -0.001617233849
      0.250237369400      0.081715011408      0.001110218884
      0.085433763600      0.312268900557      0.005029791627
      0.026008227200      0.941031993951     -0.749666265635
           2 d
      0.392610328300      0.104417351021      0.062536941575
      0.096615771200      0.994533567460     -0.603211502058
*
*
12      2.522458455900     -0.478152777900      0.044069132900
           4 s
      2.665257855900      0.027940555147      0.000699098558
      0.791231081300     -0.287312939691     -0.002558493883
      0.132044543000      0.525024985347      0.002627629464
      0.053580572100      0.800636849530     -0.144746071936
           3 p
      0.855736071300     -0.016655136454     -0.020365904190
      0.179785296400      0.109547533546      0.132078512250
      0.059596111600      0.993842011752     -0.165516292307
           2 d
      0.476988304000      0.029166025146      0.090481551807
      0.113244271300      0.999574580998     -0.123105631829
*
*
13      1.811087662200      0.243612572500     -0.039345490600
           5 s
      3.245342416800      0.040028526979      0.000814632752
      1.040044097200     -0.358249387910     -0.001154694859
      0.359200658300      0.109881534816      0.000613694970
      0.165651316700      0.675955248324      0.001462183668
      0.065662962800      0.633297436960     -0.187359535286
           4 p
      0.908684570000     -0.127631899465      0.000533677521
      0.403938968400      0.266467043172      0.011060494274
      0.148052922100      0.557879138340      0.003656356552
      0.056942693800      0.775549018533     -0.286147767198
           2 d
      0.533400742200      0.246787566554      0.017548644470
      0.148868745800      0.969069603792     -0.235365255688
*
*
14      1.162614576400      0.035062212000     -0.159953225300
           6 s
      4.218876350900      0.042568550979      0.003021755763
      1.344361607400     -0.392200299379     -0.000162521695
      0.304307163200      0.540043548743      0.002123030731
      0.132678055600      0.694777244083      0.001708760927
      0.108569779800      0.187143699358     -0.244012295348
      0.045889080000      0.187033756287      0.001912245714
           4 p
      1.201768927500     -0.102065552740     -0.013573886206
      0.490341792700      0.330532436396      0.053233781775
      0.181363803500      0.735344295034      0.000545538107
      0.063901120200      0.582751833282     -0.225557173419
           2 d
      1.071426437200      0.152867283486      0.097506399525
      0.288973736700      0.988246727108     -0.087531482772
*
*
15      0.271089140000      0.318508663900      0.068449378100
           5 s
      7.915839728500      0.029437275435      0.000487950338
      1.459631607200     -0.387959972657     -0.000485546845
      0.435553328100      0.492391979617      0.011693955639
      0.190264175400      0.739719380260      0.001918361132
      0.066949813200      0.242870095540     -0.102098279973
           5 p
      1.180174262000     -0.178262190612     -0.002132363158
      0.770040030900      0.359887667261      0.010334013044
      0.332593188300      0.646986489619      0.001589242656
      0.157878991700      0.554591445330      0.001276307068
      0.066753963700      0.335470221285     -0.354631754198
           2 d
      1.677045217500      0.220052034066      0.029833554073
      0.368034532300      0.975488135399     -0.042424602643
*
*
16      0.154283133600      0.254485784400      0.047980638400
           5 s
      7.546596307200      0.040619377392      0.000615023327
      1.929078006500     -0.402597679475     -0.000632667954
      0.519951935300      0.511785178272      0.028477282030
      0.231650861200      0.735366795091      0.001995703294
      0.085157872400      0.183239686311     -0.087354885630
           5 p
      1.645907731400     -0.250758261082     -0.002931990405
      1.147002628500      0.379169283063      0.004223676128
      0.421557059200      0.652498552131      0.002912929303
      0.187825909900      0.557979506916      0.003600784968
      0.081220731800      0.237182331994     -0.257837316185
           2 d
      1.642237799600      0.255410172767      0.023181840001
      0.377393412100      0.966832789911     -0.030147247448
*
*
17      0.363388797500     -0.044742063900     -0.072916661200
           5 s
     16.522061411300      0.019021925131      0.000601789543
      2.125842011400     -0.394827346135     -0.000121570818
      0.702297842100      0.483627483633      0.021611789829
      0.294213633600      0.748302355683      0.001474632999
      0.112546270400      0.223377650320     -0.087488732564
           5 p
      2.685278139700     -0.143251692293     -0.000913010930
      1.642522379000      0.172733536964      0.002870464843
      0.647903327100      0.601999206002      0.000795182123
      0.263041586900      0.688475248734      0.000830263814
      0.105208235500      0.336512801712     -0.230329179609
           2 d
      2.078499882200      0.256700160781      0.068491618067
      0.479691078900      0.966491090210     -0.023385164371
*
*
18      0.356775198300     -0.049082720800     -0.056121107700
           5 s
     17.157446837600      0.008996398047      0.000407971144
      2.284438020800     -0.602746504369     -0.000545491685
      1.763499223800      0.445217691470      0.010153535764
      0.471700989900      0.619651657817      0.001085926440
      0.172646503200      0.233299692371     -0.044103992270
           5 p
      3.243732437700     -0.081653541054     -0.000827911732
      1.122591131500      0.495955610956      0.001196968144
      0.439374668700      0.762336882516      0.001065482417
      0.234173106600      0.253213987661      0.001260369923
      0.126136863900      0.319508818662     -0.167372673809
           2 d
      1.721422512300      0.318019000974      0.011685675907
      0.362234952100      0.948084339613     -0.012878829306
*
*
19      0.906888045800     -0.266583376800      0.067583230400
           4 s
      0.925676853400      0.056945213566     -0.001006872340
      0.301439769400     -0.376085621839     -0.002859514769
      0.044487009600      0.519254344951     -0.003782088215
      0.018326723200      0.765305019549     -0.460167296183
           3 p
      0.204700480100     -0.064367456888     -0.065847307702
      0.076254900900      0.218220317576      0.023162182262
      0.025010258800      0.973774472602     -0.507329516802
           2 d
      0.595241681100      0.253846606720      0.176998973602
      0.122964742800      0.967244488357     -0.054947991274
*
*
20      4.102194297100      0.089173859800     -0.035498153400
           4 s
      0.847492069800      0.121733135403     -0.000021230268
      0.479094060600     -0.338329022196     -0.000732409984
      0.050836192500      0.932834431178      0.001311745200
      0.040064880100     -0.023117969074     -0.077917135277
           3 p
      0.350247035200     -0.037583576977     -0.040488128590
      0.079480828800      0.571279769781      0.033298313238
      0.024730609400      0.819894444048     -0.146580063312
           3 d
      1.543597870900      0.244861252341      0.017693042646
      0.454283472800      0.612334472112      0.001124828000
      0.120619785400      0.751724325378      0.001932312915
*
*
21      8.170261792400     -0.616864522800      0.925107181000
           5 s
      0.763124097600      0.142313360658      0.000050252323
      0.488514206500     -0.443476830258     -0.006347690716
      0.102214076900      0.431522876060      0.001311499360
      0.038476638400      0.772505025772     -0.058998160465
      0.013434475400      0.009959969709      0.000391051843
           2 p
      0.445069364300     -0.139259985663     -0.001191096417
      0.118729809400      0.990255854006     -0.046900568190
           6 d
     38.497032874700      0.010658267415      0.000027719860
      9.844286675500      0.081706589177      0.000054875825
      3.154671105700      0.275509624075      0.000591244230
      1.122169310200      0.511400318091      0.001021008877
      0.380322306900      0.559772355951      0.015507563819
      0.130374518400      0.585174765205     -0.014919635647
*
*
22      2.543276479900      0.072879370600      0.584225167900
           5 s
      2.191728709500      0.010772718676     -0.000056429241
      0.452749767000     -0.355524490873     -0.002032703379
      0.123927814100      0.425444231863      0.001022850671
      0.104989940900     -0.003719031312      0.000879318967
      0.046469984200      0.832147618697     -0.131338969621
           3 p
      0.579850227000     -0.185346351764     -0.008613635950
      0.114757192500      0.859829859190      0.034551910419
      0.060700392100      0.475751345908     -0.071188215342
           6 d
     41.192314939100      0.012629583790      0.000157451410
     11.105877115000      0.091506139075      0.000139501894
      3.672931679200      0.305102452720      0.000005629391
      1.332151983400      0.548595658069      0.000550020143
      0.452860624700      0.598074391007      0.020916358093
      0.146011254300      0.489621731788     -0.017169869367
*
*
23      1.376675760000      0.055618717800     -0.241707999000
           5 s
      0.914831601900      0.091888251851      0.000878592813
      0.572405585500     -0.403505073310     -0.000951707065
      0.296674368700      0.024860788342      0.000253514711
      0.112378811800      0.598301074198      0.000924172304
      0.031939284700      0.685680662409     -0.293597440309
           3 p
      0.743750620800     -0.163247986899     -0.004056002290
      0.125262402400      0.865379602273      0.044068734533
      0.071791649300      0.473780791867     -0.311405405217
           6 d
     41.127010934000      0.018358959573      0.000201694152
     11.671635353200      0.111401956740      0.000787699430
      4.002764358500      0.350214587332      0.000768759862
      1.490137250500      0.590689044950      0.000442924482
      0.525330853800      0.595498617505      0.025236220844
      0.181691794400      0.401335450943     -0.015767428652
*
*
24      1.539433792500      0.034506217600     -0.034621902900
           5 s
      1.252857382900      0.002756943336      0.000405066658
      0.317182150900      0.120827963651      0.000909560065
      0.476196448200     -0.398835780333     -0.000946940114
      0.107522678700      0.591070708174      0.001587991644
      0.034049608400      0.690621778348     -0.252740889358
           3 p
      0.756190718700     -0.084087117704     -0.002277684664
      0.120871609900      0.462615441194      0.007442573715
      0.034835379100      0.882562354854     -0.315081463491
           6 d
     49.854890992300      0.016814909284      0.000364381435
     13.822831012900      0.108151298140      0.001143189808
      4.798295887300      0.338077069964      0.000239122046
      1.812355984100      0.582054556984      0.000260925658
      0.648571130400      0.627133485006      0.001032919228
      0.217342729600      0.376351610836     -0.004387764640
*
*
25      4.005211109800      1.008526462600     -0.057769765800
           5 s
      1.319850543000      0.048712571784      0.001681309535
      0.707279925100     -0.336188495658     -0.000097604371
      0.244468912500      0.004455091256      0.000307800224
      0.165148778500      0.289279640644      0.005254568228
      0.063160293200      0.894931183057     -0.147830047979
           3 p
      0.892565269700     -0.098661804441     -0.001985854387
      0.137471077500      0.559315391299      0.008920305665
      0.111673047600      0.823062659462     -0.177001888620
           6 d
     50.275130262700      0.021022202689      0.000129718010
     14.540812883600      0.122281088702      0.000371212152
      5.157626378800      0.367413771605      0.000588460560
      1.948443029000      0.610386652351      0.000069367995
      0.696286041100      0.595422538921      0.004890895437
      0.237621471000      0.350018081749     -0.003462004708
*
*
26      0.414787326600      0.416494481500     -0.214592769800
           5 s
      1.313030732500      0.137377623878      0.000274674714
      0.894027076000     -0.388089282173     -0.000412937698
      0.110405498100      0.007075762699      0.000296952447
      0.105562572800      0.836271313720      0.000781093752
      0.019838614300      0.362097115359     -0.519180498698
           3 p
      0.910429433400     -0.115702822885     -0.003793341375
      0.157801958700      0.535647480735      0.035175784037
      0.048692646600      0.836477515035     -1.206028571714
           6 d
     53.200868980800      0.023346344246      0.000129275389
     15.483869742300      0.129940971814      0.001656299149
      5.507629842600      0.380736758260      0.000684543299
      2.073138636100      0.603319390010      0.000245059432
      0.737145097100      0.589586560319      0.000621681542
      0.248064280000      0.354969314860     -0.066669359171
*
*
27      0.384016818400      0.482582340100     -0.259935626700
           5 s
      1.479190199200      0.056519335498      0.000911332090
      0.834634619600     -0.323267387470     -0.000497921977
      0.411641126400      0.003742358299      0.000405663040
      0.117742594500      0.844557449129      0.001003808865
      0.023633674000      0.423098653729     -0.639707544241
           3 p
      1.004571183900     -0.167763843736     -0.003608144563
      0.167226360900      0.732737273039      0.016930395574
      0.073780053600      0.659508439244     -0.907048654693
           6 d
     58.686153313700      0.023367552688      0.000219105788
     17.661132804000      0.126195694976      0.002649256172
      6.376454167500      0.373740579311      0.000656983112
      2.427453340100      0.599549195014      0.000149313710
      0.876934379000      0.591797010592      0.000314387575
      0.297226592300      0.366283557425     -0.069666251335
*
*
28      0.016288373000     -0.072373041000     -0.039440183200
           5 s
      1.491908888400      0.092775211546      0.001792170067
      0.950853341000     -0.336367263120     -0.000219932722
      0.189675806900      0.011796593397      0.000356581232
      0.105584344600      0.901895380294      0.001169153123
      0.024337530600      0.254352880488     -0.299084317111
           3 p
      0.982760705200     -0.174907796907     -0.003139456385
      0.196960441400      0.655033915943      0.019828561074
      0.068126376600      0.735076752146     -1.050780682279
           6 d
     63.613611755800      0.024542996500      0.000227136746
     18.136994526100      0.144336948277      0.002327995788
      6.386050436000      0.408163781311      0.008562737745
      2.362892285200      0.615327765505      0.000344169128
      0.813842779400      0.575854182867      0.000256306061
      0.241921653400      0.318952214891     -0.126365844132
*
*
29      2.268871234400     -0.075347027200     -0.549782149900
           5 s
      1.588351315200      0.062844620824      0.000490162773
      0.956203733900     -0.310324105855     -0.000323105440
      0.172037251100      0.007975894800      0.000405699691
      0.159430215000      0.479505240333      0.000390436074
      0.056682303600      0.818389034967     -0.287867218058
           3 p
      1.098992661600     -0.112281693584     -0.003248683595
      0.193644406200      0.542095072179      0.013162593032
      0.097380728700      0.832781936646     -0.260551410544
           6 d
     66.954016082000      0.026144152656      0.000178143035
     19.899350029500      0.142878750121      0.000458711565
      7.189518506400      0.401915058440      0.000249993278
      2.716203720800      0.605100193673      0.000154135543
      0.967626171700      0.565414865738     -0.000052852743
      0.300304335900      0.362665434064     -0.011790497304
*
*
30      1.326336681900      0.375518625200     -0.185368039800
           5 s
      1.813837549900      0.162621638649      0.001352822568
      1.135727803400     -0.418818303683     -0.001524117947
      0.370017620800      0.016090557381      0.003060159384
      0.149579409600      0.714960792317      0.003176875263
      0.051850250900      0.535460167105     -0.250438792571
           3 p
      1.212811197000     -0.055340234794     -0.004161731197
      0.183694144000      0.518244433540      0.002881585000
      0.048270861600      0.853440194459     -0.476572639022
           2 d
      0.196276059700      0.121349803035      0.857864221023
      0.069336488400      0.992609805162     -0.137300333577
*
*
31      3.509183437200      0.101882059200      0.164846818100
           5 s
      3.289854555500      0.173773095417      0.002349228035
      1.734420413500     -0.483894635225     -0.003528186503
      0.216545327900      0.218971550125      0.002907068512
      0.182944058800      0.590471056177      0.002015267337
      0.068524378100      0.582275094232     -0.092829385568
           4 p
      1.061550213800     -0.302701494452     -0.004204058077
      0.779751017500      0.294875477420      0.003279577514
      0.193019016000      0.429015865976      0.003622280104
      0.067295808300      0.798351830219     -0.144352522117
           2 d
      0.332001879200      0.014802769945      0.067745982358
      0.105844685500      0.999890432999     -0.141981831111
*
*
32      1.780187952000      0.071817214400     -0.099331251600
           6 s
      3.211890023500      0.234243687020      0.003253024400
      1.894901735500     -0.560242537649     -0.003302309600
      0.298581034900      0.232036784220      0.005115164700
      0.190559426400      0.708014958661      0.004930019400
      0.070514085000      0.133811390212     -0.090341070808
      0.059308849400      0.241301585221      0.002681619000
           5 p
      1.213379065400     -0.344809172748     -0.002515017600
      0.819452585000      0.315197379844      0.003055442500
      0.234060278900      0.660800610291      0.005112465901
      0.081144252100      0.468574343565      0.004769200601
      0.072752849500      0.354313257049     -0.230373715932
           2 d
      0.369945392100      0.309215031721      0.038438232603
      0.131083693100      0.950992147264     -0.248634537617
*
*
33      0.228450277300      0.467062580300      0.144340136600
           6 s
      3.404392299100      0.182451273589      0.002568263041
      1.883277337100     -0.547162651539     -0.002311425645
      0.363993769500      0.347220381880      0.017676669480
      0.222098972000      0.684072402306      0.002800052278
      0.127992950200      0.095388489411      0.002058184912
      0.071723041200      0.264023780037     -0.085348044323
           5 p
      1.340939230800     -0.434728940934     -0.003369026705
      0.939997429800      0.401326162095      0.006305448453
      0.328239567200      0.482984995526      0.003557488346
      0.168364353900      0.556950461310      0.002459150333
      0.064387973000      0.326312330868     -0.296924447209
           2 d
      0.286690570900      0.899228958479      0.183157608910
      0.083364816800      0.437478319728     -0.386177281857
*
*
34      0.308929976900      0.280181693200     -0.040629553900
           6 s
      3.687329071700      0.231678326840      0.005123032545
      2.187833231800     -0.588243671453     -0.001848112133
      0.358789480200      0.675770916214      0.009464183034
      0.191453663700      0.334290477279      0.002007816570
      0.128215357700      0.149274896152      0.002707867910
      0.068015793400      0.097954514172     -0.071307883107
           5 p
      1.460725782100     -0.361511175384     -0.001780053994
      1.013006080800      0.369503315693      0.003088668385
      0.367221895800      0.574165350845      0.002283983082
      0.184214485700      0.559469290603      0.002327926736
      0.076658388300      0.300175336305     -0.278697790660
           2 d
      0.321445955600      0.951019024385      0.031920842934
      0.110059008900      0.309132358800     -0.068756686669
*
*
35      0.340476841100      0.039444267200      0.109747296400
           6 s
      4.524347605300      0.146767369416      0.004593243600
      2.292476602800     -0.532720839656     -0.000941840100
      0.425985472000      0.693955349574      0.002674637500
      0.245069182000      0.383993374541      0.004208158100
      0.135621902700      0.246134790426      0.002545816600
      0.076460599500      0.071137699708     -0.064423468507
           5 p
      1.772179797400     -0.389801881028     -0.003636974300
      1.310232596900      0.344336469225      0.006747957400
      0.464718344500      0.561211331741      0.004137323400
      0.204753003900      0.573568793541      0.003523886100
      0.087602620900      0.292485161521     -0.193757488214
           2 d
      0.456315670600      0.724038786254      0.043491234203
      0.184016803300      0.689759259452     -0.174827027813
*
*
36      0.412018482000     -0.074664020200      0.139872832500
           6 s
      4.156462026300      0.290778452476      0.003476699933
      2.818028948100     -0.612128302627     -0.000857972878
      0.461853686700      0.667008920015      0.005092883919
      0.221787808800      0.287094022974      0.001936431324
      0.164145219800      0.112168015935      0.001890866989
      0.069858631900      0.029005025327      0.003585504683
           5 p
      2.088324597100     -0.340522641199     -0.003273068003
      1.457230242100      0.290219347891      0.004965107970
      0.555928227400      0.564966206001      0.003672725736
      0.250907555400      0.630435643367      0.003203414936
      0.103746892500      0.288411418966     -0.123073610209
           2 d
      0.491364246400      0.591711400033      0.016613471010
      0.173869889900      0.806149873827     -0.017060414066
*
*
37      1.507609039400     -0.538235993700      0.144703700100
           4 s
      0.577743810200      0.219338089988      0.002191885497
      0.342903804500     -0.483255580023     -0.006356535827
      0.026488906000      0.773941156503      0.003166557905
      0.017887574500      0.345499541140     -0.293406128843
           3 p
      0.159649144000     -0.158540184845      0.000793690412
      0.080250835400      0.151961756758      0.001318250750
      0.022117804700      0.975588352879     -0.307702254347
           2 d
      0.330701290800      0.365861298259      0.031343602682
      0.087801757800      0.930669388363     -0.089239588976
*
*
38      5.127904957300      2.252387679400      0.078731863400
           4 s
      0.628011493900      0.236666269286      0.001506005331
      0.391149466500     -0.549996841067      0.000050212719
      0.057333137200      0.601210407182      0.000339350202
      0.030980128100      0.529186732728     -0.097558432550
           3 p
      0.193592016200     -0.171661012778     -0.037847415799
      0.102372394600      0.430589333983      0.001295139639
      0.033142947300      0.886072977893     -0.139784820290
           3 d
      0.764934897000      0.148030677368      0.015817128213
      0.259644331200      0.435775417815      0.031704321006
      0.082331538200      0.887798796905     -0.068655074702
*
*
39     10.538376363200     -0.633909961700      0.925738523100
           5 s
      0.672735798900      0.142309532158      0.000322858495
      0.380524097900     -0.486583117858     -0.006039998936
      0.101199911200      0.390409917641      0.000401886704
      0.054994082500      0.034783356404      0.000085459366
      0.032045640000      0.767694653360     -0.047346738475
           3 p
      0.288026949100     -0.304005155303     -0.001985561931
      0.100602807900      0.718862146914      0.011824221829
      0.090359225700      0.625154444344     -0.069740896385
           6 d
      8.170691181200     -0.012128304192     -0.000008768228
      2.283659403400      0.038141253939      0.000100833273
      0.902554765500      0.312613602210      0.000239757126
      0.366272019400      0.538303711830      0.003427135489
      0.158388093800      0.452161306041      0.000878123801
      0.071581448800      0.637534431892     -0.033973822835
*
*
40      1.374622610300     -0.097569571800      0.011279515000
           5 s
      0.524294437400      0.112985375589      0.001059201759
      0.338918113000     -0.517542198712     -0.000704575583
      0.277722082600      0.046468152329      0.038563184615
      0.148711403200      0.250212517741      0.001064191574
      0.048772468900      0.809085152651     -0.258223459698
           3 p
      0.334109844300     -0.136921404943     -0.001745641425
      0.127359327800      0.213873418274      0.006580607624
      0.061426039500      0.967218015664     -0.312431229920
           6 d
      9.972572820900     -0.011986406385     -0.000397668312
      2.299419483100      0.067442013182      0.000420792979
      0.924874344700      0.448819861813      0.001842925875
      0.367094974200      0.679224577066      0.000598977334
      0.152726642100      0.432867736018      0.001074644826
      0.068818986200      0.380983109318     -0.124597528409
*
*
41      2.962235524200      0.084361299500     -0.026134650900
           5 s
      0.762256242600      0.092230876925      0.000529714751
      0.433646624700     -0.453376253313     -0.001001984753
      0.171890004200      0.062191715251      0.016683142234
      0.110666450200      0.345252280821      0.000771655510
      0.048492959100      0.814172273795     -0.154459711098
           3 p
      0.390040081500     -0.207056697605     -0.001231114491
      0.106455793200      0.797607275952      0.007246940883
      0.091862053800      0.566524630820     -0.176684808266
           6 d
     10.147423001800     -0.015428082385     -0.000241377911
      1.885502459800      0.171917045594      0.000317733591
      0.889350013800      0.520104744098      0.000574875690
      0.383493170900      0.707055135217      0.000272005513
      0.155980936500      0.392442247881      0.002239201773
      0.073727263500      0.213915115678     -0.039815953741
*
*
42      0.891893148900      0.594623742200      0.022155835700
           5 s
      0.711334326200      0.158639649243      0.000141812288
      0.462617632300     -0.573093583810     -0.000111409089
      0.123473467400      0.661447577275      0.000227050724
      0.053158251600      0.236578602077      0.000144271899
      0.033064345400      0.391043314020     -0.296999587874
           3 p
      0.437841007500     -0.408492035308     -0.007657058201
      0.189398778900      0.232368451044      0.001937089786
      0.114137794400      0.882688597439     -0.095198744951
           6 d
     11.252515929300     -0.018892106329     -0.000364159973
      3.515808790200      0.050135309993      0.000180377551
      1.347940720200      0.472129656902      0.000809898205
      0.576342580400      0.677943019269      0.000804426516
      0.249126705700      0.497603129199      0.022709781615
      0.108148341700      0.258858097264     -0.069445062653
*
*
43     11.918321945900      0.749845554400     -0.532265116200
           5 s
      0.962778328500      0.060158806279      0.000111724726
      0.475571763600     -0.443468823882     -0.000353253662
      0.158215907000      0.385582819424     -0.000012696165
      0.110219450000      0.039803870281      0.000049221795
      0.053773689100      0.805889484698     -0.043373078477
           2 p
      0.457654564400     -0.157035011087     -0.001120978841
      0.136674143700      0.987593036272     -0.039041423275
           6 d
     14.515280851300     -0.015465259614     -0.000068815857
      4.275862394900      0.031892968108      0.000197796321
      1.743525641700      0.365782841572      0.000347472410
      0.868441101700      0.626997305662      0.000206933979
      0.385570217800      0.599463520913      0.005826952499
      0.150611105700      0.335357187085     -0.000515203878
*
*
44      1.424872484300      0.269394495600     -0.027180419600
           5 s
      1.065556602100      0.105507695577      0.000056291400
      0.587178007500     -0.445483478643     -0.000138818666
      0.122562141500      0.581105192723     -0.000019367118
      0.073203181700      0.051471908433      0.000057281932
      0.037815515000      0.670880014654     -0.258220561221
           3 p
      0.531881798100     -0.214350876533     -0.007816617991
      0.141252151900      0.535228131687      0.021187810982
      0.049019739000      0.817058473293     -0.313193012759
           6 d
     14.138179499600     -0.018613353169     -0.000080591647
      4.006803304100      0.045867509244      0.000249621497
      1.770372745000      0.428911089490      0.000961317215
      0.839120611000      0.628722781862      0.000448156060
      0.364414864500      0.576498407574      0.010657449350
      0.137828230800      0.293159072219     -0.029761223325
*
*
45      2.597243026400      0.311865879000      0.288218605600
           5 s
      1.260036512500      0.100656923467      0.000100404300
      0.647767331400     -0.468008676721     -0.000066019352
      0.141767291700      0.587291311665      0.000017247302
      0.061064306600      0.126869474263      0.000155921085
      0.047890977600      0.640178970301     -0.160288312509
           3 p
      0.477299362200     -0.353287705580     -0.002072438229
      0.177662005400      0.631725805850      0.013385123311
      0.088947155700      0.690007466125     -0.095859383123
           6 d
     16.923535071200     -0.018841147490     -0.000043538965
      5.655994121000      0.043806702388      0.000227846266
      1.875843784200      0.508810488629      0.001207691685
      0.840984775200      0.667950016551      0.000214148410
      0.359658474700      0.502991454706      0.011475945436
      0.142097006100      0.199199002335     -0.009643613009
*
*
46      0.085359994000      0.045936270300     -0.080909497800
           5 s
      1.242680561300      0.096927671542      0.000060247603
      0.656512991800     -0.462108715121     -0.000104349667
      0.120269500300      0.694901393266      0.000012806207
      0.055566822200      0.502112395145      0.000095792909
      0.017989955100      0.205075006223     -0.347859626957
           3 p
      0.620820675200     -0.244281457979     -0.002058289456
      0.133385718100      0.784376872418      0.006641625547
      0.067184170700      0.570157426772     -0.196493605637
           6 d
     18.093799644200     -0.015789681385     -0.000133321167
      3.788756122800      0.087342037750      0.000300209640
      1.893797602300      0.501748804629      0.022361265338
      0.872043861900      0.645319645229      0.001176862748
      0.368949162900      0.520585436719      0.000456596889
      0.135139100000      0.230051189989     -0.117063040812
*
*
47      2.616183441900      0.109202318100     -0.019083032600
           5 s
      1.631702521500      0.048920466938      0.000075908123
      0.665808578000     -0.381008094143     -0.000480668535
      0.133254149700      0.603561850037      0.000025398785
      0.065197973300      0.066333877386      0.000162869295
      0.042476460900      0.695523205941     -0.216087274779
           3 p
      0.586206561400     -0.277229617222     -0.001878532288
      0.162793413000      0.698369293107      0.013233246655
      0.089766721300      0.659866706070     -0.141887370438
           6 d
     17.556115732300     -0.019535521028     -0.000057556727
      4.609516705400      0.045940064086      0.000208749125
      2.325935069800      0.454409829480      0.000640166489
      1.081699965000      0.672393153808      0.000528391370
      0.449690952200      0.539290989463      0.001156198888
      0.169796628100      0.219253862447     -0.005669824583
*
*
48      2.266798893900      0.546925320100     -0.059114920600
           5 s
      1.346897357700      0.228413331395      0.001572186200
      0.864733774000     -0.535013676225     -0.002529118344
      0.410006417800      0.030968240678      0.005239808086
      0.127847171900      0.673564128770      0.003727396320
      0.047541343400      0.454906637450     -0.142481482821
           3 p
      0.768876350200     -0.112561329237     -0.008953847512
      0.154616477900      0.544209047969      0.003315257211
      0.038976208900      0.831364215773     -0.317295526444
           2 d
      0.106757899000      0.123032958054      0.635341923986
      0.034918914300      0.992402585261     -0.228705723781
*
*
49      1.616450684100      0.072097408700      0.042404821200
           5 s
      1.319395598500      0.369909051951      0.004567873693
      0.945721896000     -0.699589379572     -0.003895006624
      0.324818843500      0.163823217286      0.006376043871
      0.143898682700      0.456626785670      0.003977382312
      0.058582000000      0.372016028366     -0.118172164557
           4 p
      1.444758610100      0.251959365347      0.006480536857
      1.213948910300     -0.365402066968     -0.008450087143
      0.192576559000      0.389268333024      0.003540775948
      0.061068775900      0.807135659337     -0.265798288958
           2 d
      0.112202713900      0.144169563725      0.136765934083
      0.077437223100      0.989552998528     -0.381405942032
*
*
50      1.266885111400      0.117220314500      0.053041631100
           6 s
      2.282005418100      0.208364464266      0.002859608213
      1.186822083400     -0.630461137394     -0.003166456767
      0.437524049700      0.131285690397      0.003680853014
      0.180910317600      0.557600459164      0.003088502643
      0.127800841600      0.347771777202      0.002686579081
      0.051479514700      0.331667892153     -0.099549437207
           5 p
      2.308542490800      0.123691754617      0.002091963352
      1.598294114100     -0.273248255986     -0.003380951886
      0.222246245200      0.695523531895      0.005890222941
      0.081727902300      0.562325060447      0.002812744566
      0.063017588300      0.331772939543     -0.243577869662
           2 d
      0.196227768100      0.462435378654      0.071944499806
      0.091098784900      0.886652987684     -0.358598729661
*
*
51      0.418012940800      0.577775080600     -0.039925917600
           6 s
      1.952740792200      0.415977663300      0.002074242720
      1.397289074500     -0.735834704650     -0.003727093921
      0.336925430300      0.158146927726      0.002628960325
      0.223124457000      0.260094358920      0.002681778218
      0.144617782600      0.416930686228      0.002756696099
      0.052301600900      0.137909925886      0.001606822561
           5 p
      2.087481150100      0.164914936929      0.003056992593
      1.387076036600     -0.390223996967     -0.003896331877
      0.275090838700      0.624722542929      0.004331758699
      0.128348521500      0.576181158984      0.003685313638
      0.054924657700      0.313472984733     -0.326660290933
           2 d
      0.186550401900      0.965514528790      0.046368807840
      0.153075083300      0.260349178404     -0.054174640690
*
*
52      0.462964238600      0.287200042700     -0.069951939700
           6 s
      2.267673564500      0.330562580067      0.000986345296
      1.590399723300     -0.633498004656     -0.000830278276
      0.335487667500      0.097786257417      0.014384817148
      0.219976469800      0.654300018258      0.000934559657
      0.179944977100      0.034530338291      0.001285025150
      0.079180106000      0.224823594096     -0.036821796840
           5 p
      2.325307202400      0.192988270750      0.003918522083
      1.551436371400     -0.433597067122     -0.003394807496
      0.357905209000      0.466124053067      0.004610645274
      0.165885003700      0.674210599939      0.003622250632
      0.065438150900      0.320807644577     -0.238460880315
           2 d
      0.189864082700      0.918653361095      0.088854112994
      0.041134649600      0.395064554407     -0.357028458510
*
*
53      0.560965225400      0.038405941300     -0.028484936700
           6 s
      2.597332112600      0.324310334734      0.002704009300
      1.622949035200     -0.731162242576     -0.001394719800
      0.340851231400      0.365918509638      0.009780661101
      0.274367518100      0.258402833927      0.002187143000
      0.206583376800      0.279549660829      0.002335373200
      0.101198942300      0.285321202630     -0.031781399903
           5 p
      0.946346102500     -0.530780175280     -0.001648015700
      0.658941552700      0.594244099990      0.007971329101
      0.218659223200      0.493473267874      0.005381146901
      0.187094422200      0.113082256817      0.003977422601
      0.082899426900      0.329913461750     -0.147552760222
           2 d
      0.246726002600      0.885454660860      0.087191026706
      0.122364079100      0.464725772431     -0.230341860716
*
*
54      0.334786946900      0.104830059400      0.177962913000
           6 s
      2.668684410600      0.356739257235      0.004690551500
      1.756942086700     -0.723336328471     -0.000826766200
      0.389632352100      0.444171136243      0.002227430600
      0.334038144300      0.082484190208      0.003812589100
      0.179093131100      0.374268946537      0.002137202200
      0.072115505700      0.073162654507     -0.035556621603
           5 p
      1.038186965700     -0.576627186451     -0.002755120300
      0.764268425300      0.641191123957      0.005017765700
      0.271406201200      0.322620434229      0.004663605600
      0.186018802000      0.341111691330      0.003417493300
      0.076374098700      0.189562390417     -0.103046535209
           2 d
      0.204869092700      0.662192162445      0.054750095104
      0.067472483600      0.749334064351     -0.414397016928
*
*
55      1.940628445600     -0.799453083500      0.279431561700
           4 s
      0.348107808100      0.544452568084      0.005132890145
      0.291920560900     -0.708644494966     -0.004170786119
      0.023300999100      0.382959137154      0.005495488026
      0.019355540400      0.233958714589     -0.136627343528
           3 p
      0.122844408100     -0.242987698809     -0.008748919751
      0.083704438300      0.126410603626      0.001296420577
      0.020901919200      0.961757421348     -0.168174916920
           2 d
      0.235454948200      0.324016842089      0.049624872411
      0.071721015900      0.946051312584     -0.078078558029
*
*
56      5.953109368500      0.644333259700     -0.073385080100
           4 s
      0.469942488700      0.266541561564      0.002301708973
      0.316467987700     -0.523414594299      0.000931370742
      0.036537335800      0.806467710514      0.001093808573
      0.031389798700      0.067842393330     -0.071660139794
           3 p
      0.133397734700     -0.237725682453     -0.062775838032
      0.094681341200      0.571333269526      0.000220318342
      0.027049442800      0.785534719179     -0.095406852822
           3 d
      0.312846199400     -0.039517032969      0.129995133416
      0.103887026300      0.977281865237      0.001563431321
      0.029376669000      0.208227183585     -0.013819061645
*
*
57      8.879737623600     -0.091388638600      0.607023468500
           4 s
      0.365817377800      0.110766235095      0.001526378312
      0.208238607800     -0.626450695118     -0.005175545252
      0.119932817900      0.440590837955      0.000029588792
      0.035784733700      0.633379887002     -0.047900113035
           2 p
      0.172538221500     -0.410982971469      0.001603253612
      0.104173452300      0.911643020684     -0.054197111028
           5 d
      3.126259879500     -0.018886141680     -0.000039300487
      0.560225699400      0.223481294670      0.000249990509
      0.326559030800      0.377196719334      0.017601079577
      0.144291353200      0.606666704510      0.000175906258
      0.056850389000      0.662855617120     -0.043341807810
*
*
72      1.348522594000     -0.435574249400      0.088421488500
           4 s
      0.672646600800      0.184598549537      0.000037006724
      0.464573365600     -0.522939493299     -0.000336558524
      0.106128305900      0.598116025541      0.000008989447
      0.034583346900      0.578545488140     -0.168017254625
           3 p
      0.366171384400     -0.186482435990     -0.000534935212
      0.135948182400      0.339290714521      0.002985984054
      0.055664983400      0.922011991303     -0.255500201724
           5 d
      6.532621254100     -0.014408757721     -0.000118745793
      0.977615638600      0.372163602984      0.000095728630
      0.391723778600      0.625588671780      0.001078624785
      0.163149952100      0.471603124457      0.000847740941
      0.065997844300      0.497509745691     -0.145759096102
*
*
73      2.210129454400      0.028367352600     -0.036521610500
           5 s
      0.683780952500      0.193447885378      0.000053437498
      0.447525457600     -0.695189177737     -0.000254942531
      0.226508226100      0.439978187696      0.000015115589
      0.086967412400      0.312407525647      0.000174579529
      0.038774942800      0.433717252448     -0.118313553727
           3 p
      0.381148274100     -0.235558535573     -0.001890235299
      0.152201484300      0.388290632062      0.000157201399
      0.078626678400      0.890922309392     -0.196740919678
           5 d
      6.027278665500     -0.022096288191     -0.000197054004
      1.079739062000      0.388415963854      0.008166926170
      0.446230107000      0.645803233051      0.017723893681
      0.183226261800      0.502811729783      0.000850745672
      0.072281770700      0.422804140997     -0.097154592842
*
*
74      1.969148196600     -0.041296556700     -0.069609800900
           5 s
      1.113525820600      0.132563613285      0.000216494347
      0.586842404300     -0.531557924737     -0.000093362516
      0.137437565600      0.608958343409      0.000025764770
      0.062322768300      0.239964663124      0.000187945123
      0.037257803000      0.521018001154     -0.156969982057
           3 p
      0.441062672700     -0.209500128717     -0.005138655678
      0.153979779500      0.377888851381      0.012184494126
      0.066813878900      0.901836854464     -0.214421798254
           5 d
      7.410954207800     -0.017513371013     -0.000093104468
      1.104110329000      0.485036420972      0.000713135657
      0.452372810700      0.699987416194      0.000965420315
      0.188488593900      0.431507132620      0.003897885551
      0.085462604600      0.297072657502     -0.071774234291
*
*
75      4.558045545000      0.101219495100     -0.066530403000
           5 s
      1.124492674600      0.126380571220      0.000134253694
      0.614288726200     -0.504666641065     -0.000269206810
      0.143090455400      0.596147915612      0.000033175539
      0.062510329200      0.071018752334      0.000191557276
      0.047788549000      0.607374293284     -0.077530736536
           3 p
      0.424803413800     -0.257816243690     -0.000843430744
      0.222550378000      0.203355989140      0.002435719702
      0.118255048200      0.944551282975     -0.102656131208
           5 d
      7.054792277300     -0.023737214257     -0.000060133912
      1.588104325800      0.045031855892      0.000488506523
      1.106594790200      0.528509826195      0.000767428594
      0.443265335300      0.722325512328      0.005626312939
      0.159117579700      0.443093550471     -0.007969443108
*
*
76      0.747976243500     -0.066030484200     -0.024308999500
           5 s
      1.028561052500      0.180265361054      0.000419524515
      0.657029579200     -0.546881245671     -0.000248650145
      0.137206750100      0.719167941629      0.000098660736
      0.054360804800      0.230270031557      0.000538147322
      0.030108394400      0.313366378281     -0.229209032121
           3 p
      0.503246479100     -0.334116984161     -0.001739451746
      0.158813217900      0.744388076884      0.003950331605
      0.063535325700      0.578145510999     -0.318222478336
           5 d
      6.826675435500     -0.030627922239     -0.000103207418
      1.305892991300      0.520410770733      0.000996707325
      0.576027603900      0.660204334129      0.000598107686
      0.261647602500      0.457536439848      0.002744620935
      0.110513380700      0.288140943799     -0.116109549670
*
*
77      1.396652804600     -0.012915544800     -0.135800511200
           5 s
      1.075790258600      0.171708045134      0.000108508589
      0.647871295000     -0.614575117229     -0.000383605142
      0.227129566000      0.470614037856      0.000063944381
      0.084331263800      0.481084005159      0.000170442369
      0.038900308900      0.374024571216     -0.193574193749
           3 p
      0.447194117900     -0.469180188159     -0.001273573018
      0.242017559900      0.533171984112      0.004086904056
      0.108318587400      0.703986922036     -0.106929184604
           5 d
      8.405059796200     -0.022015301322     -0.000376314021
      1.329055844900      0.590684362116      0.000591890072
      0.574906618100      0.653920721844      0.000751596029
      0.270136884600      0.398975480506      0.001323315912
      0.120292987400      0.252613472241     -0.065247516883
*
*
78      1.048924172100      0.975043242300      0.945422123200
           5 s
      1.371506055900      0.119080739537      0.000122018628
      0.728079177000     -0.490851972133     -0.000313882679
      0.132703005700      0.720697925169      0.000051916552
      0.076201440900      0.102246038357      0.000306282429
      0.039304837000      0.463707199882     -0.183782781169
           3 p
      0.547900765300     -0.275661313533     -0.002838554504
      0.148618254400      0.663199028237      0.011800008577
      0.055855082400      0.695828922341     -0.301398610763
           5 d
      8.455348880300     -0.026216111768     -0.000085651040
      1.426280516700      0.588132192462      0.006266261678
      0.620176743300      0.656701068601      0.000782894285
      0.269306584900      0.431555680616      0.000662861682
      0.105801753300      0.189516861256     -0.042749491883
*
*
79      0.564927387600     -0.150047843200      0.020712425100
           5 s
      1.311301458500      0.118927747144      0.000114187515
      0.742525864900     -0.487159416397     -0.000508797298
      0.149288463900      0.731448995058      0.000034547297
      0.057199457100      0.061699132754      0.000197499349
      0.046556481800      0.457938291281     -0.217136300369
           3 p
      0.550428656500     -0.334786923921     -0.001893521932
      0.179037122300      0.732863846040      0.020183153105
      0.066831386700      0.592307604830     -0.344152801317
           5 d
      8.871633447300     -0.027268507481     -0.000076962164
      1.496894106800      0.632763362550      0.000711423548
      0.662696386600      0.635666620274      0.000900694508
      0.304442826900      0.400537371817      0.001066500218
      0.132813398900      0.185377229350     -0.058533818028
*
*
80      2.661404373500      0.048451281100     -0.062826404400
           5 s
      1.436564145500      0.245852000313      0.001689679291
      0.889660704600     -0.579126114890     -0.001496762659
      0.305899890400      0.034588985860      0.009512789242
      0.137947366700      0.645090320703      0.004685188588
      0.059519095900      0.432240462227     -0.104627348731
           3 p
      0.610131926200     -0.143818894688     -0.010123959787
      0.144259585200      0.645110132922      0.004111980653
      0.027528469500      0.750432569877     -0.243693432308
           2 d
      0.070134772300      0.466559361410      0.014761486914
      0.032020900700      0.884489888173     -0.014997343160
*
*
81      2.281045851800      0.065869674400     -0.069429959100
           5 s
      1.428110970300      0.338721288953      0.002626097119
      0.971451276700     -0.661144443765     -0.002601735806
      0.255669610600      0.035607324522      0.002321137617
      0.168812532100      0.586384608593      0.006133243065
      0.062039290000      0.321000190240     -0.068928063458
           4 p
      1.170095740100      0.420219696222      0.002940673311
      1.055271735800     -0.524353495374     -0.006860611870
      0.177664427600      0.381096471035      0.010638267137
      0.059659851100      0.635007321659     -0.159407414432
           2 d
      0.741903158500      0.003811680828      0.067093057202
      0.092378337700      0.999992735518     -0.043705710241
*
*
82      1.234661952600      0.106406175800      0.098479744500
           5 s
      1.412301819600      0.315112038841      0.003629389688
      1.037233384800     -0.646413534519     -0.003042615066
      0.527443060300      0.072568702962      0.002532198218
      0.182539828800      0.638475844263      0.006586991649
      0.065882621500      0.264454769311     -0.069285538790
           5 p
      1.279722326400      0.357362066172      0.002743475383
      1.025708020600     -0.565146411324     -0.003885755938
      0.220038727600      0.510126856160      0.005043428134
      0.075883410200      0.506021966676      0.004702390650
      0.064354829900      0.191348496974     -0.175915476461
           2 d
      0.201724086700      0.041317138628      0.297365657973
      0.083601509600      0.999146082440     -0.061938779501
*
*
83      1.130864224200      0.255009315400     -0.032670881700
           6 s
      1.582063973200      0.080496456571      0.001026198061
      1.010523759400     -0.480197208376     -0.002090503804
      0.396171489800      0.149931408230      0.002601098996
      0.187040159500      0.823870469735      0.001675514970
      0.182914820000      0.111087251722      0.002864634418
      0.058901341000      0.222145461302      0.000327683201
           5 p
      1.364673074100      0.482213817937      0.002467334789
      1.188386844300     -0.653487864732     -0.001607349834
      0.288241706600      0.303018194187      0.002132390223
      0.144249738300      0.307250302942      0.002636723177
      0.064106289800      0.392683931136     -0.177905581515
           2 d
      0.071591077000      0.998633538801      1.945767428707
      0.034189081800      0.052259498484     -3.956300898205
*
*
84      0.475805975700      0.384801010700      0.051303103900
           6 s
      1.803095180700      0.398282580613      0.003651286981
      1.354613057500     -0.727971771557     -0.001060439293
      0.695855111100      0.072724168590      0.002176810231
      0.253638858400      0.519406833730      0.002065096650
      0.145851014000      0.152856190910      0.001715893910
      0.073150197600      0.113977221730     -0.037595362289
           5 p
      1.662182775000      0.227881050681      0.005938997527
      1.242902858200     -0.444663141785     -0.001190299822
      0.250898850400      0.702678870205      0.003018355947
      0.146013720000      0.242668309431      0.002596355162
      0.077321601300      0.444634022588     -0.251286175746
           2 d
      0.159636439500      0.709608982599      0.166944539507
      0.042862658200      0.704595693866     -0.615833847022
*
*
85      0.578194752300      0.056847740800     -0.079715064700
           6 s
      1.958982622100      0.332333897232      0.002462415200
      1.305812977700     -0.752525451272     -0.001016720000
      0.546237659800      0.063002681706      0.001289613500
      0.382891108600      0.301606054329      0.001756685700
      0.232800336000      0.428278368541      0.001596974700
      0.104913442600      0.211900247920     -0.017251404302
           5 p
      1.921109560100      0.110866102313      0.002922650200
      1.230708550300     -0.332270916739     -0.001835669300
      0.327496997300      0.620255558573      0.009484296901
      0.142489851700      0.638794698075      0.002846263800
      0.064736732700      0.290738922434     -0.187463107922
           2 d
      0.190832240800      0.371039917235      0.056854207405
      0.164530435400      0.928616917689     -0.052641113505
*
*
86      2.697109498000     -0.067079814500     -0.128541401700
           6 s
      1.959846149900      0.398045217849      0.003479634900
      1.474944621200     -0.730728909191     -0.001388133200
      0.362791846100      0.501297728362      0.001404308400
      0.213371678100      0.043056944105      0.001322166500
      0.154212304000      0.223633856428      0.002303477600
      0.101022577000      0.066557127208     -0.017968483502
           5 p
      1.779129838600      0.299075599412      0.002379216300
      1.471877976000     -0.474859920920     -0.003518893900
      0.363921487300      0.539294543222      0.000435673400
      0.156277855400      0.608293647425      0.028817748601
      0.055939465200      0.155570162606     -0.015198442801
           2 d
      0.166062583000      0.080139051905      0.287359237019
      0.030607760200      0.996783693867     -0.254811651817
*
*
