*
 1      0.411839418400      0.200379398200     -0.186218714800
           8 s
    297.195681007900      0.001038540167      0.000487919756
     47.751033637800      0.007406935426      0.001117008142
     12.393240747300      0.031179751376      0.015913475508
      3.561337537900      0.137235726941      0.041242139736
      1.127089044200      0.395654452140      0.193297698537
      0.464859646400      0.519749091798      0.000251917982
      0.211888268400      0.624147974970      0.000152182831
      0.070595791400      0.404840682880     -0.917480377858
           3 p
      1.473151649100      0.250296532900      0.030866309588
      0.340444343300      0.522775059211      0.010114996708
      0.097389129500      0.814897467836     -1.969384770745
*
*
 2      0.782577806600     -0.023069076100      0.089209111200
           8 s
    338.993515632100      0.002748327978      0.000162720939
     54.379401430900      0.019173514011      0.000360529460
     13.272630603400      0.088202547611      0.000330949607
      3.906921909000      0.289705907208      0.002712573893
      1.215220716400      0.612063864959      0.039898540325
      0.450761476800      0.619637574230      0.001017808751
      0.249568515100      0.047906335635     -0.499631210052
      0.200146815300      0.383467998400      0.000991829617
           2 p
      0.647616312900      0.081681457930      0.003164950315
      0.140305071900      0.996658486860     -0.790104216830
*
*
 3      0.838339769400     -0.751150556100      0.029234475700
           5 s
      3.729626903200      0.008879347531     -0.000036867817
      0.564630903400     -0.174393353405     -0.131073076381
      0.144208367600      0.011043858804      0.143470083885
      0.069766554900      0.463185870970      0.002392840730
      0.029719543200      0.868818161408     -0.503862826139
           4 p
      1.734716072900      0.038096674586      0.002023140715
      0.467738439100      0.080909580605      0.077216668753
      0.154594089800      0.403856405827     -0.001827961059
      0.059179345300      0.910440710109     -0.425082041628
           2 d
      0.382767574300     -0.021190254414      0.147383819700
      0.095431861800      0.999775461350     -0.410728446960
*
*
 4      1.068027025100      0.259616775300      0.621514977500
           6 s
      7.086621679200      0.011685603734      0.000293133536
      1.250389559800     -0.246433752554     -0.000717959401
      0.368404297700      0.090987197416      0.000705011902
      0.175869970800      0.613241091986      0.000509123373
      0.064466453700      0.744648889705     -0.320164180175
      0.017808824500      0.016987534675      0.000508242358
           4 p
      2.717647235700      0.054276508979      0.012972907344
      0.637659897600      0.225773963788      0.086634368477
      0.207710695900      0.525367373692      0.031245430825
      0.059355153900      0.818577608116     -0.322169194157
           2 d
      0.465964814800      0.249381617148      0.119126127618
      0.092047153000      0.968405291719     -0.348531163766
*
*
 5      1.220426675100      0.295711527100     -0.224471819100
           6 s
      1.547921967700     -0.545491122896      0.001032073367
      1.219853050900      0.420478905443      0.002539037238
      0.301262246700      0.530018215825      0.005387545344
      0.118446568300      0.466065516501      0.013047666765
      0.108754953700      0.110518178092     -0.385189378268
      0.071900266800      0.123637706434      0.013525278467
           5 p
      8.840792190200      0.021408223000     -0.001005775720
      2.297599838800      0.114042687406      0.012544686371
      0.676614966700      0.443420629340      0.001831074477
      0.241261527400      0.535249633162      0.002078900575
      0.082425167300      0.709522324605     -0.374319879851
           2 d
      0.677851038700      0.353727972312      0.014583317252
      0.169906290000      0.935348342386     -0.398466091318
*
*
 6      0.904581009500      0.050940656900     -0.037094928200
           6 s
      2.214988828400     -0.632146029248      0.000534962291
      1.928453168000      0.535039724878      0.000389231904
      0.504147216000      0.383753188686      0.000352176784
      0.192538488700      0.385084072247      0.000237412321
      0.143644254300      0.029688490979     -0.209340543190
      0.077694598700      0.132989591649      0.000135757209
           6 p
     24.415766927400      0.007766138202      0.000835024331
      6.493952232000      0.065341794269      0.000520901393
      2.225343031600      0.221396469027      0.002568325895
      0.776348017600      0.561055895110      0.000833384377
      0.282212245800      0.544294733209      0.000563291328
      0.097396207300      0.579321384454     -0.301870411576
           3 d
      3.272497798400      0.071869410569      0.001614107207
      0.755672147600      0.414950835967      0.011691087648
      0.173458862100      0.907000877373     -0.301886151643
*
*
 7      0.214326030700      0.209685761000      0.057842748000
           6 s
      2.700483598800     -0.629491997796      0.000365131620
      2.257424453300      0.594437860254      0.000392011550
      0.610851590600      0.396257559103      0.000372844374
      0.307114029400      0.259894757274      0.000188704851
      0.166477317900      0.139619526595      0.000369262817
      0.068460617900      0.079526755226     -0.104321022205
           6 p
     27.760474699000      0.016179919677      0.001413531218
      7.149680612800      0.113870174275      0.002032965899
      2.358576101900      0.342558575112      0.025528485934
      0.845022024600      0.651495218533      0.019303097839
      0.298755122700      0.618880208745      0.000827369105
      0.091193453800      0.248931082188     -0.328522117221
           3 d
      2.166593275300      0.168420513685      0.022790141276
      0.664626780200      0.658421295730      0.004363151378
      0.187178357500      0.733563854002     -0.345991313947
*
*
 8      0.347424566800     -0.040998511400      0.090126828200
           6 s
      3.485944487600     -0.607133839127     -0.001104225462
      2.845353389000      0.599700744018      0.003832062411
      0.733304798500      0.450773234097      0.008930065598
      0.340013402900      0.215756087903      0.001217795534
      0.252154142500      0.124690423702      0.001033906455
      0.091175553600      0.080328196812     -0.065191970377
           6 p
     37.557152838200      0.017703496231      0.001183858924
      9.699121711900      0.116874906229      0.005979329062
      3.132588454000      0.349589680684      0.025606433331
      1.120319005400      0.612331846961      0.036066525346
      0.396204063500      0.639907131920      0.001286998688
      0.122266628100      0.281748947453     -0.275517067820
           3 d
      3.750070460000      0.130184029140      0.017782041540
      0.920790799100      0.789446105676      0.005524257427
      0.281392474100      0.599855786660     -0.034767087908
*
*
 9      0.150878612500      0.012362635800      0.121936740200
           6 s
      6.819419370800     -0.485366734843     -0.003698421622
      5.225257175000      0.305907980650      0.006872573263
      1.367235222200      0.532259817446      0.007005985964
      0.685850876900      0.344855252781      0.002901976722
      0.433995233200      0.493936995966      0.003181220067
      0.167623614600      0.156971416060     -0.110216314299
           6 p
     53.824227683400      0.017508403405      0.000063452497
     14.928844121800      0.101007423158      0.000562873201
      4.776943029400      0.305295333667      0.002050609771
      1.706164388900      0.581390005077      0.002824969734
      0.578600126200      0.675285123177      0.001878018474
      0.189538067200      0.319783332790     -0.246454123076
           2 d
      2.001296002500      0.281131846733      0.251240747143
      0.548963975600      0.959669153799     -0.035382366830
*
*
10      0.055205632800      0.029099182500     -0.017286302900
           6 s
      8.833098564800     -0.439620930735     -0.000730818245
      7.534603588100      0.285836161187      0.001150557635
      1.760056972700      0.509018316183      0.001092661891
      0.693642500500      0.659376219682      0.001376443475
      0.302127537900      0.165362083665      0.001380012825
      0.185949751700      0.061724081292     -0.091425475158
           6 p
     73.115739527300      0.014114977895      0.000443215781
     18.832834080200      0.101179055647      0.001177591743
      6.124113292000      0.306875521706      0.001004991179
      2.184021546700      0.582105501399      0.001267369237
      0.739945105400      0.669096378248      0.001196237746
      0.237696093000      0.329930601993     -0.200318035986
           2 d
      1.876455754200      0.207248695075      0.046884269784
      0.436979218600      0.978288290020     -0.030332495776
*
*
11      0.744820387000     -0.026716301700     -0.252828271200
           4 s
      2.202705813100      0.016969412780      0.000040305280
      0.537787149900     -0.246872756744      0.000037638030
      0.072222894000      0.394800222273      0.001500726901
      0.026544397300      0.884815611018     -0.704129990042
           4 p
      0.438617619200     -0.101329487283     -0.001648200218
      0.250104027100      0.082484214047      0.001099648829
      0.085179735100      0.309427847233      0.005039787304
      0.026003402100      0.941903974297     -0.743335452224
           2 d
      0.393287321900      0.102287701791      0.062892815580
      0.096491539900      0.994754857270     -0.599487336518
*
*
12      2.522458455900     -0.478152777900      0.044069132900
           4 s
      2.665257855900      0.027940555147      0.000699098558
      0.791231081300     -0.287312939691     -0.002558493883
      0.132044543000      0.525024985347      0.002627629464
      0.053580572100      0.800636849530     -0.144746071936
           3 p
      0.855736071300     -0.016655136454     -0.020365904190
      0.179785296400      0.109547533546      0.132078512250
      0.059596111600      0.993842011752     -0.165516292307
           2 d
      0.476988304000      0.029166025146      0.090481551807
      0.113244271300      0.999574580998     -0.123105631829
*
*
13      1.799661504400      0.213473516200     -0.048670554500
           5 s
      3.272154151300      0.039646555150      0.000819551511
      1.040554454000     -0.357268551781     -0.001117558387
      0.353778506900      0.110838051085      0.000604693093
      0.164771262900      0.682816347408      0.001495005251
      0.064860362000      0.626309903097     -0.187562324564
           4 p
      0.911716417400     -0.127320210415      0.000533834123
      0.406516320500      0.261720762715      0.011344560814
      0.148593936000      0.561138827547      0.003687493204
      0.056881030100      0.774864518869     -0.286743927421
           2 d
      0.532395417100      0.251960254410      0.017953956224
      0.148256377800      0.967737583334     -0.233320125103
*
*
14      1.045985631800      0.018879273800     -0.353929791700
           6 s
      4.186492939500      0.042850638475      0.003190100961
      1.348547862000     -0.385632823797     -0.000163528328
      0.294221463000      0.579501757992      0.002227531091
      0.124942683100      0.669414039926      0.001983793589
      0.109622102800      0.200141678286     -0.293997973036
      0.045754995100      0.159552537553      0.001844264185
           4 p
      1.224102881200     -0.096096452971     -0.016149770323
      0.485129489700      0.321990567197      0.064604563485
      0.180128651600      0.740661073293      0.000529705796
      0.063550799500      0.581815022899     -0.262462553570
           2 d
      1.067105378800      0.129340418444      0.124466816914
      0.287234593000      0.991600250180     -0.116121426720
*
*
15      0.269079768800      0.321282564200      0.068733795700
           5 s
      7.941037696100      0.029425260212      0.000493775199
      1.459377012700     -0.388573207136     -0.000491617733
      0.436600969700      0.489659502411      0.010130392266
      0.191878720800      0.738621912726      0.001924955453
      0.068110039100      0.250631718855     -0.103533551920
           5 p
      1.182427080600     -0.176601764917     -0.002162267240
      0.767879120800      0.360624072589      0.010314260199
      0.330333535100      0.654336772982      0.001623415860
      0.157168549300      0.544702714337      0.001260517457
      0.067609449700      0.337497311715     -0.359084233206
           2 d
      1.667039528900      0.220713192730      0.030505993396
      0.367620274300      0.975338754769     -0.042865927824
*
*
16      0.131897157500      0.226542939600      0.047921809800
           5 s
      7.550630422500      0.040460492511      0.000612644219
      1.925114015100     -0.403508196233     -0.000643106078
      0.522307622500      0.512974341635      0.028284476093
      0.230892732100      0.734201584959      0.001978618927
      0.087381523200      0.182618294776     -0.087387885326
           5 p
      1.647497005600     -0.252865404853     -0.002976755527
      1.151732757100      0.380301821126      0.004751558836
      0.423262566400      0.646782256439      0.002982315173
      0.189272939700      0.563246627353      0.003692948321
      0.084576394200      0.236337812057     -0.260882352820
           2 d
      1.599650661800      0.261161735740      0.023157779952
      0.364989956400      0.965295057371     -0.029952708321
*
*
17      0.376429429400     -0.044375908600     -0.072111379800
           5 s
     16.464952077500      0.019034561715      0.000613463511
      2.126930089300     -0.394587388119     -0.000121482642
      0.703838541500      0.482938298487      0.021499260338
      0.293579875800      0.749126650567      0.001472901377
      0.112387365400      0.222527166571     -0.087864375808
           5 p
      2.681684372200     -0.143803899552     -0.000907084680
      1.649071924600      0.172226071205      0.002910637532
      0.648605097600      0.600951533653      0.000793029576
      0.262512367700      0.689478602313      0.000823910243
      0.104371071700      0.336355660014     -0.232682519024
           2 d
      2.069311868500      0.258741521420      0.069921842596
      0.475799941300      0.965946595363     -0.023791124959
*
*
18      0.356775198300     -0.049082720800     -0.056121107700
           5 s
     17.157446837600      0.008996398047      0.000407971144
      2.284438020800     -0.602746504369     -0.000545491685
      1.763499223800      0.445217691470      0.010153535764
      0.471700989900      0.619651657817      0.001085926440
      0.172646503200      0.233299692371     -0.044103992270
           5 p
      3.243732437700     -0.081653541054     -0.000827911732
      1.122591131500      0.495955610956      0.001196968144
      0.439374668700      0.762336882516      0.001065482417
      0.234173106600      0.253213987661      0.001260369923
      0.126136863900      0.319508818662     -0.167372673809
           2 d
      1.721422512300      0.318019000974      0.011685675907
      0.362234952100      0.948084339613     -0.012878829306
*
*
19      0.906888045800     -0.266583376800      0.067583230400
           4 s
      0.925676853400      0.056945213566     -0.001006872340
      0.301439769400     -0.376085621839     -0.002859514769
      0.044487009600      0.519254344951     -0.003782088215
      0.018326723200      0.765305019549     -0.460167296183
           3 p
      0.204700480100     -0.064367456888     -0.065847307702
      0.076254900900      0.218220317576      0.023162182262
      0.025010258800      0.973774472602     -0.507329516802
           2 d
      0.595241681100      0.253846606720      0.176998973602
      0.122964742800      0.967244488357     -0.054947991274
*
*
20      4.102194297100      0.089173859800     -0.035498153400
           4 s
      0.847492069800      0.121733135403     -0.000021230268
      0.479094060600     -0.338329022196     -0.000732409984
      0.050836192500      0.932834431178      0.001311745200
      0.040064880100     -0.023117969074     -0.077917135277
           3 p
      0.350247035200     -0.037583576977     -0.040488128590
      0.079480828800      0.571279769781      0.033298313238
      0.024730609400      0.819894444048     -0.146580063312
           3 d
      1.543597870900      0.244861252341      0.017693042646
      0.454283472800      0.612334472112      0.001124828000
      0.120619785400      0.751724325378      0.001932312915
*
*
21      8.276974139100     -0.645936866700      0.931024503700
           5 s
      0.751192583300      0.149341020664      0.000049212339
      0.485399278400     -0.452025822707     -0.006997478890
      0.104872024700      0.436904014009      0.001470027869
      0.037187357300      0.763146324739     -0.056714629348
      0.013360921100      0.009616898320      0.000408442486
           2 p
      0.447889700500     -0.126639410137     -0.000973107977
      0.118744464500      0.991948819143     -0.048089037048
           6 d
     38.100159179000      0.010873986420      0.000026589829
      9.789991101400      0.082925588319      0.000054403079
      3.140592633100      0.277969395618      0.000626323911
      1.118805677900      0.515741487048      0.000925072366
      0.379476158500      0.562520335943      0.014867010278
      0.130818056700      0.577338469626     -0.013316167226
*
*
22      2.741575368600      0.046802404600      0.870544152100
           5 s
      1.802201237600      0.014659427744     -0.000054438733
      0.454289598400     -0.365686670536     -0.002596456485
      0.126811215800      0.425887275561      0.001021713921
      0.104486786800     -0.004199332683      0.000967442173
      0.047355638400      0.827442296653     -0.112838039037
           3 p
      0.573977005900     -0.112805911194     -0.005476743593
      0.115685071100      0.463419038114      0.017310433107
      0.082163580500      0.878929816034     -0.133279556397
           6 d
     40.164064101100      0.013261982313      0.000143423733
     10.874890730900      0.093508525961      0.000157707913
      3.604204290000      0.310122200890      0.000005587772
      1.304391586500      0.551211365839      0.000515825064
      0.442714593300      0.598058689046      0.017546595876
      0.143457735300      0.483111095443     -0.017002421463
*
*
23      1.384698379400      0.055119622900     -0.232798914000
           5 s
      0.905464781200      0.091024507534      0.000897141515
      0.567060632700     -0.402162137153     -0.000913875853
      0.289735585500      0.024411601975      0.000251064122
      0.112407532500      0.591597955222      0.000943140201
      0.031979354800      0.692384349574     -0.290915012511
           3 p
      0.745299863400     -0.157012722598     -0.004087441074
      0.121928434900      0.870127750254      0.043160947555
      0.074581240100      0.467145269890     -0.306538417644
           6 d
     41.361954196500      0.018235955264      0.000193635653
     11.727809311600      0.110387878737      0.000797530441
      4.010793788800      0.350182009416      0.000770105060
      1.488453120100      0.591396778493      0.000440076124
      0.523894567500      0.597092933645      0.024575398002
      0.180321392900      0.398226575487     -0.011712685219
*
*
24      1.750399553100      0.256628262200     -0.344084592800
           5 s
      1.250177448400      0.002788388768      0.000401743591
      0.313236590900      0.118242677522      0.000904316315
      0.477616920100     -0.391573792272     -0.000956457870
      0.109421555000      0.556595782221      0.001524991042
      0.033869346600      0.723105797598     -0.274304008332
           3 p
      0.775638898100     -0.078445837071     -0.002372207478
      0.124476342000      0.416704174255      0.007376595480
      0.035030505600      0.905651081711     -0.321682620296
           6 d
     49.835307513600      0.016885676820      0.000306033548
     13.819698415600      0.108086879730      0.001140803014
      4.788959435000      0.338555096552      0.000215426828
      1.809283994800      0.581963697627      0.000254455812
      0.644971837300      0.629506616420      0.001046416198
      0.215429525600      0.372091684233     -0.004102182408
*
*
25      4.907674529700      0.763537311700     -0.418190852000
           5 s
      1.285052553300      0.045629036750      0.001554050925
      0.700965735300     -0.323195543518     -0.000086727774
      0.217889666700      0.004427825339      0.000288372470
      0.169593200000      0.261936709533      0.004830994718
      0.063767750100      0.908202723084     -0.125157890038
           3 p
      0.858954083800     -0.123721714639     -0.002014841550
      0.152698324400      0.551240489067      0.009046460989
      0.136726660400      0.825122330652     -0.137356859816
           6 d
     50.297129005300      0.021034434985      0.000127059678
     14.536551258100      0.122655746226      0.000365331349
      5.165158845000      0.368642073079      0.000573849427
      1.958327759100      0.612693905241      0.000069259952
      0.699814528100      0.589879346658      0.006099911312
      0.236039278200      0.353927502867     -0.001287542731
*
*
26      0.413495100100      0.412828496100     -0.213300357000
           5 s
      1.318076766900      0.137746325830      0.000277363883
      0.895986782800     -0.387866504027     -0.000402850854
      0.110718691200      0.007149425858      0.000297554353
      0.105057910400      0.838735469761      0.000784474443
      0.019825953100      0.356450869334     -0.515270941592
           3 p
      0.917750040900     -0.117693666836     -0.003726531385
      0.155586200300      0.556032629633      0.039535252806
      0.047721888100      0.822785461448     -1.199915392787
           6 d
     53.323947033900      0.023188626548      0.000129836570
     15.503465159200      0.129646396778      0.001633054491
      5.514412633800      0.379518928562      0.000692095570
      2.076840110000      0.602310736337      0.000249215129
      0.737814036000      0.590852603573      0.000625111135
      0.246528550700      0.355997837083     -0.067665334246
*
*
27      0.383813539200      0.492095673600     -0.254722027200
           5 s
      1.498278582000      0.056542720725      0.000919092504
      0.833754659700     -0.324735640930     -0.000504192825
      0.413995312100      0.003812885224      0.000408952709
      0.118040382600      0.842251616086      0.001008363801
      0.023736117300      0.426552882243     -0.641952762863
           3 p
      0.993642262200     -0.166638556920     -0.003541756427
      0.166490947300      0.730340682098      0.016761360407
      0.074138646800      0.662445529399     -0.913283991753
           6 d
     58.924279606100      0.023255454453      0.000216678107
     17.700034478500      0.126151868094      0.002643204177
      6.383239657900      0.373731259474      0.000659154365
      2.429294785000      0.600088495142      0.000150054272
      0.877732853000      0.590836379719      0.000318985674
      0.297977828900      0.366982296720     -0.064261730488
*
*
28      0.008109073400     -0.116301668400      0.134757072100
           5 s
      1.483593905800      0.099595609226      0.002008714331
      0.957752581600     -0.343402865287     -0.000229564538
      0.198565481300      0.012078909820      0.000363781970
      0.106479373800      0.893865638934      0.001254505293
      0.024100478600      0.270210114923     -0.300099444365
           3 p
      1.035452378000     -0.162845403080     -0.003034699468
      0.190780167400      0.678676613766      0.019309935612
      0.065615807500      0.716156008578     -1.014400993306
           6 d
     63.787103762400      0.024429320338      0.000228321955
     18.187912145800      0.143684071087      0.002356925427
      6.395582010000      0.408358996014      0.008339350473
      2.362146596500      0.615526557808      0.000347882250
      0.813578490300      0.575157859781      0.000255051074
      0.241682936300      0.319877350502     -0.117814026193
*
*
29      2.314937060400     -0.203236104600     -0.600857130900
           5 s
      1.538672474200      0.064052169964      0.000484908937
      0.941522620800     -0.314083393688     -0.000330183801
      0.173387963200      0.007975461051      0.000411027414
      0.159448517100      0.482893922751      0.000382833073
      0.057028818200      0.814861210713     -0.279968408079
           3 p
      1.073800541800     -0.109288570495     -0.003269323981
      0.191274721300      0.543455327163      0.013074364032
      0.097357855500      0.832293407241     -0.261055501186
           6 d
     67.010277987700      0.026125980621      0.000179026190
     19.883563415100      0.142995737343      0.000461334662
      7.193269931800      0.400931382980      0.000248772310
      2.721413111700      0.604513703478      0.000156162541
      0.968832044700      0.566241386203     -0.000052946977
      0.300360065600      0.363397238898     -0.012108908400
*
*
30      1.309755077000      0.377963898900     -0.189512047600
           5 s
      1.810622358100      0.161426143396      0.001324602494
      1.132415903300     -0.417964925270     -0.001601772535
      0.380322317900      0.015622976158      0.003102786060
      0.150564431700      0.706830653990      0.003225307281
      0.053072329100      0.547168411614     -0.256803979291
           3 p
      1.218731527700     -0.053567648156     -0.004140678270
      0.182605745800      0.510302683226      0.002983894304
      0.047086946700      0.858324925983     -0.490449130770
           2 d
      0.193967902000      0.130276713171      0.918009408166
      0.068316915500      0.991477673982     -0.162919952106
*
*
31      3.624370109800      0.103404709400      0.163441677800
           5 s
      3.299976395200      0.172873820937      0.002334267938
      1.733934414500     -0.483965933042     -0.003569749072
      0.218536284100      0.224025610183      0.002969732056
      0.181945067700      0.587075602270      0.002000073308
      0.069046218700      0.583991764403     -0.090538342731
           4 p
      1.058308504100     -0.305251828345     -0.004256578200
      0.780287235000      0.297702641540      0.003324620418
      0.192483461600      0.430374362185      0.003296184736
      0.066790462800      0.795595605120     -0.140258560830
           2 d
      0.333690726900      0.014444049211      0.063626639109
      0.107019088000      0.999895679280     -0.139252971188
*
*
32      1.760769600100      0.062412081400     -0.087374318000
           6 s
      3.219817864700      0.234551269815      0.003226435295
      1.900590468300     -0.559808805359     -0.003282653229
      0.294066236600      0.231614768844      0.005080866085
      0.191518993500      0.706901263065      0.004996994438
      0.071508439900      0.133244190620     -0.090958173630
      0.059574621100      0.245949165615      0.002681876911
           5 p
      1.208368083600     -0.345398554413     -0.002540233990
      0.809796795500      0.318643147086      0.003002450305
      0.233071667600      0.662264912867      0.005067576527
      0.081159670000      0.463536862443      0.004750616226
      0.072559974800      0.354549214873     -0.229555578053
           2 d
      0.376734225400      0.298190093459      0.037477105219
      0.132484254800      0.954506505039     -0.243953916177
*
*
33      0.228406575100      0.466652669800      0.144310314600
           6 s
      3.403829065800      0.182495969327      0.002568069707
      1.882931925300     -0.547299371623     -0.002310273635
      0.364292781900      0.347349664653      0.017673537809
      0.222009142800      0.683840281892      0.002802448171
      0.128061863700      0.095347987531      0.002057320130
      0.071677630300      0.264155370193     -0.085379233391
           5 p
      1.340448740100     -0.434966415427     -0.003708738819
      0.940205225800      0.401556723384      0.006306644653
      0.328068425300      0.482833852784      0.003562510690
      0.168470158600      0.556710976635      0.002460845221
      0.064365876100      0.326344564004     -0.296858842710
           2 d
      0.286611994600      0.899079331037      0.183322376931
      0.083394145600      0.437785742689     -0.386112439286
*
*
34      0.237656243700      0.280052041300     -0.035679485800
           6 s
      3.714066146500      0.229903785821      0.005081067393
      2.190967910300     -0.586434634420     -0.001857265277
      0.355810083900      0.676927981639      0.010671800307
      0.191679182500      0.336696079596      0.002012567141
      0.129451376600      0.148701074531      0.002685150809
      0.068250959700      0.097626415023     -0.070399430055
           5 p
      1.460607414000     -0.367335846171     -0.001792819180
      1.026808628300      0.370387802667      0.003181015078
      0.366818413500      0.576725583511      0.002337121401
      0.184885254100      0.552932412559      0.001915071497
      0.080579727500      0.299216644289     -0.287179125238
           2 d
      0.316547916300      0.952793639214      0.031716982593
      0.109789444300      0.303618644147     -0.066538599095
*
*
35      0.219684668900      0.039339091100      0.110130030800
           6 s
      4.562205157300      0.144147934631      0.004513196891
      2.283620410600     -0.532570007619     -0.000935039514
      0.427008620900      0.692851136382      0.002653298180
      0.245994937700      0.384159873972      0.004097734190
      0.140186944400      0.250323410840      0.002601538828
      0.076241001500      0.072850833594     -0.063948270685
           5 p
      1.771998309400     -0.393204456468     -0.003629055304
      1.311787500200      0.347510888901      0.006877080627
      0.466078242200      0.557571530075      0.004080370896
      0.207487373500      0.576161745501      0.003478554676
      0.089948917500      0.285968651044     -0.197379561787
           2 d
      0.453384292100      0.717376225710      0.042896070329
      0.180729674600      0.696685977170     -0.215559620294
*
*
36      0.412018482000     -0.074664020200      0.139872832500
           6 s
      4.156462026300      0.290778452476      0.003476699933
      2.818028948100     -0.612128302627     -0.000857972878
      0.461853686700      0.667008920015      0.005092883919
      0.221787808800      0.287094022974      0.001936431324
      0.164145219800      0.112168015935      0.001890866989
      0.069858631900      0.029005025327      0.003585504683
           5 p
      2.088324597100     -0.340522641199     -0.003273068003
      1.457230242100      0.290219347891      0.004965107970
      0.555928227400      0.564966206001      0.003672725736
      0.250907555400      0.630435643367      0.003203414936
      0.103746892500      0.288411418966     -0.123073610209
           2 d
      0.491364246400      0.591711400033      0.016613471010
      0.173869889900      0.806149873827     -0.017060414066
*
*
37      1.507609039400     -0.538235993700      0.144703700100
           4 s
      0.577743810200      0.219338089988      0.002191885497
      0.342903804500     -0.483255580023     -0.006356535827
      0.026488906000      0.773941156503      0.003166557905
      0.017887574500      0.345499541140     -0.293406128843
           3 p
      0.159649144000     -0.158540184845      0.000793690412
      0.080250835400      0.151961756758      0.001318250750
      0.022117804700      0.975588352879     -0.307702254347
           2 d
      0.330701290800      0.365861298259      0.031343602682
      0.087801757800      0.930669388363     -0.089239588976
*
*
38      5.127904957300      2.252387679400      0.078731863400
           4 s
      0.628011493900      0.236666269286      0.001506005331
      0.391149466500     -0.549996841067      0.000050212719
      0.057333137200      0.601210407182      0.000339350202
      0.030980128100      0.529186732728     -0.097558432550
           3 p
      0.193592016200     -0.171661012778     -0.037847415799
      0.102372394600      0.430589333983      0.001295139639
      0.033142947300      0.886072977893     -0.139784820290
           3 d
      0.764934897000      0.148030677368      0.015817128213
      0.259644331200      0.435775417815      0.031704321006
      0.082331538200      0.887798796905     -0.068655074702
*
*
39     10.754035558600     -0.901971790800      0.900402529000
           5 s
      0.683185135700      0.134144383887      0.000294803886
      0.379014708000     -0.474773341943     -0.005686897333
      0.099504654500      0.398790145883      0.000447953271
      0.050557618000      0.033636708076      0.000080481278
      0.031192350400      0.772289161823     -0.046340753063
           2 p
      0.305895334500     -0.203042935997     -0.001206138487
      0.104208646000      0.979169835188     -0.041598243670
           6 d
      8.184734132100     -0.012221878617     -0.000009077615
      2.295143900000      0.037528271587      0.000101168946
      0.917027422700      0.306794750722      0.000238791998
      0.375873773900      0.531336381121      0.003909375764
      0.159764966200      0.482956971604      0.000834927430
      0.069688831400      0.623500961604     -0.031537765800
*
*
40      1.410921215200     -0.091487292900      0.010782268300
           5 s
      0.530541731900      0.112412695180      0.001017146503
      0.342991660300     -0.514469739203     -0.000678843218
      0.287488400400      0.048189982026      0.035506151701
      0.141239447600      0.263272753491      0.001091124096
      0.047770367600      0.806876357510     -0.253731252305
           3 p
      0.330850018500     -0.131850773548     -0.001735665028
      0.131541472500      0.190831917037      0.006002256732
      0.063328931800      0.972727378537     -0.305944300271
           6 d
      9.922847510800     -0.012037472042     -0.000402235724
      2.274697489300      0.069466844434      0.000412167868
      0.926815208700      0.444033504986      0.001721559423
      0.372727362500      0.675219065085      0.000566423403
      0.155106293600      0.448978057548      0.001091526435
      0.068217952000      0.374648663721     -0.117186316004
*
*
41      2.847188240500      0.069817724000     -0.024670875300
           5 s
      0.760587883800      0.097323821959      0.000561438880
      0.436769037100     -0.457660764134     -0.001102796327
      0.181435087800      0.065187525405      0.016999270075
      0.106937965600      0.350487326596      0.000865838721
      0.048200428300      0.808692722286     -0.157672744082
           3 p
      0.391689159600     -0.163396632331     -0.001152115119
      0.101740627200      0.784852897194      0.006906401465
      0.091272121500      0.597752014057     -0.191557242583
           6 d
     10.142170226600     -0.015383849182     -0.000227848649
      1.877090566400      0.172350291587      0.000295782919
      0.890323546500      0.514270133334      0.000579813640
      0.383960008000      0.710063814604      0.000268309324
      0.153723485700      0.401610489167      0.002292239843
      0.072131622900      0.200258179148     -0.036778425406
*
*
42      0.911316204400      0.605847907700      0.031698039700
           5 s
      0.711257528600      0.156773038689      0.000142945418
      0.460013517400     -0.573336030012     -0.000109479109
      0.123455221700      0.662326158678      0.000223581927
      0.052344813000      0.239038090652      0.000146158569
      0.033680634500      0.388449304001     -0.290915409492
           3 p
      0.434479027700     -0.411894462763     -0.007578329814
      0.187271871200      0.232462025349      0.001954556545
      0.114562992100      0.881081357376     -0.097051257620
           6 d
     11.323563995100     -0.018573482429     -0.000366152136
      3.475280341200      0.050243701840      0.000179599210
      1.346989199000      0.471946062070      0.000797196268
      0.575204877300      0.678174735309      0.000809743325
      0.248490956400      0.498302961122      0.024965569781
      0.107496117600      0.257236657572     -0.067436111297
*
*
43      6.984389635900      0.613662144700     -0.198904509400
           5 s
      1.110122980000      0.038826592057      0.000085200822
      0.456162464000     -0.427063613069     -0.000488232808
      0.170696034000      0.329130079850     -0.000012043859
      0.117377529500      0.047327317055      0.000060306811
      0.056220993900      0.839965881295     -0.075249438989
           2 p
      0.456958770600     -0.205519861031     -0.001556746265
      0.144345092300      0.978652944982     -0.062869822401
           6 d
     14.493704420700     -0.015693998976     -0.000079758773
      4.181597058800      0.035504883287      0.000240969968
      1.688234365300      0.398861772566      0.000282056465
      0.812955809600      0.644177828134      0.000145532433
      0.362176144300      0.569597766180      0.008629958112
      0.144136686300      0.316220964750     -0.001833388340
*
*
44      1.401331799500      0.237868739700     -0.053111755600
           5 s
      1.065175342600      0.108287232049      0.000057486575
      0.593887677600     -0.442742384180     -0.000140287594
      0.121485873300      0.578676919753     -0.000019138775
      0.072414548000      0.052930322638      0.000058553698
      0.037383377000      0.674228789148     -0.265570257264
           3 p
      0.530850446400     -0.211628165994     -0.007936773312
      0.140811458000      0.532960699906      0.021371469695
      0.048441711000      0.819247466712     -0.320849597755
           6 d
     14.263820449700     -0.018468945056     -0.000080592663
      3.963046800200      0.046992118094      0.000246356998
      1.763270645300      0.431619386064      0.000948385885
      0.836389098000      0.628113443536      0.000452634206
      0.364084780100      0.574740542548      0.010730225891
      0.138027265700      0.293772284738     -0.029628385688
*
*
45      3.667044143000      0.308741964600     -0.042395272700
           5 s
      1.249839990900      0.100881991989      0.000098541170
      0.644509251200     -0.469374093091     -0.000063778577
      0.142972281800      0.572307259101      0.000017600840
      0.059630330900      0.126865719092      0.000153818247
      0.049711652200      0.652595031337     -0.127226868481
           3 p
      0.473489400800     -0.328573100784     -0.001962863007
      0.174264775900      0.599608184657      0.013014947134
      0.085091151600      0.729732651273     -0.090047759634
           6 d
     17.052942620600     -0.018694205941     -0.000044061251
      5.563329984400      0.044817132827      0.000229406020
      1.869708461400      0.515005085049      0.001164137873
      0.842196959200      0.668552261175      0.000221653014
      0.363710959100      0.493620213661      0.011942015744
      0.144209445600      0.204422778541     -0.005623760850
*
*
46      0.032462053100      0.025860241000     -0.049488814700
           5 s
      1.230845571100      0.093603204706      0.000057657910
      0.650853929900     -0.460313826331     -0.000104219582
      0.118905898000      0.693768020422      0.000012870978
      0.056942092300      0.508070454829      0.000099108205
      0.018091179700      0.199749763771     -0.328751416963
           3 p
      0.585808437200     -0.256087774525     -0.002099781827
      0.136086376900      0.801263774886      0.007130629821
      0.063517656200      0.540735993618     -0.214479915725
           6 d
     18.281619737400     -0.015685963545     -0.000140185492
      3.717836858800      0.092218197378      0.000306814746
      1.880935066300      0.503637990651      0.023932046951
      0.870154833500      0.642713557817      0.001083026936
      0.371316378700      0.520072188385      0.000474514407
      0.136010955400      0.232470923901     -0.122716092002
*
*
47      2.641788443000      0.109021925700     -0.106867478000
           5 s
      1.626214945100      0.049017281998      0.000074247026
      0.671793504300     -0.377252817107     -0.000470125680
      0.132349630700      0.599510423118      0.000025359654
      0.064028580500      0.066555661627      0.000160559519
      0.042770705400      0.701024403661     -0.216318600150
           3 p
      0.581667509100     -0.274961423403     -0.001912884239
      0.162051396100      0.712960599708      0.013375643856
      0.087459823200      0.645045268879     -0.143560176552
           6 d
     17.559247422700     -0.019563469731     -0.000056840428
      4.606876281400      0.046279781601      0.000211183798
      2.324368474600      0.454312861920      0.000640787942
      1.081590629300      0.672995965601      0.000526132016
      0.448962661300      0.539658789395      0.001151151504
      0.170181581700      0.216610473603     -0.004902510010
*
*
48      2.269010305900      0.533614793900     -0.079419768100
           5 s
      1.340969658000      0.230367225425      0.001594852904
      0.864601674100     -0.536298250563     -0.002530557455
      0.407569248800      0.030600757969      0.005292916487
      0.127973113500      0.669019423749      0.003749098674
      0.048060852400      0.459120607414     -0.143369655748
           3 p
      0.764308400200     -0.110802307985     -0.008971694398
      0.155498004600      0.533507816237      0.003316826279
      0.038384240100      0.838505968112     -0.319485990575
           2 d
      0.105747836700      0.124605897522      0.636501675710
      0.034394413000      0.992206314384     -0.263056260224
*
*
49      1.615262578200      0.072135590600      0.042406287400
           5 s
      1.319458481600      0.370129960265      0.004574786468
      0.946066162300     -0.699706963830     -0.003886774521
      0.325126580200      0.163690528041      0.006377396851
      0.144123067300      0.455953292835      0.003981764443
      0.058655788800      0.372459371025     -0.118640253628
           4 p
      1.444159199000      0.252277700797      0.006476537412
      1.213680156200     -0.365960599641     -0.008492755385
      0.192605281400      0.390181157220      0.003559298302
      0.061042957700      0.806342027766     -0.265628742535
           2 d
      0.111951047800      0.144469909353      0.137305549071
      0.077465520300      0.989509194142     -0.382218496387
*
*
50      1.022671525200      0.094956991600      0.054093350200
           6 s
      2.297363154300      0.202861372866      0.002968311221
      1.174295525500     -0.633345461627     -0.002924463755
      0.427789199800      0.133094329695      0.003477516953
      0.185691734100      0.553195387013      0.003194497208
      0.127828499400      0.363033799116      0.002741538715
      0.050492330600      0.319668599529     -0.094654987125
           5 p
      2.312426671400      0.123791791721      0.002109732286
      1.590417408700     -0.276809865976     -0.002636522797
      0.219539640700      0.732740024071      0.005926541442
      0.079912812600      0.509759837614      0.002731418068
      0.056896709000      0.333599843346     -0.258249623628
           2 d
      0.193323532900      0.497810365524      0.078016145164
      0.091533397000      0.867285904404     -0.412929602820
*
*
51      0.415031525300      0.574533043800     -0.039969418800
           6 s
      1.949689843400      0.416328612971      0.002082914911
      1.396092251500     -0.735784814416     -0.003754630999
      0.335795090400      0.157240931785      0.002629551974
      0.222615504000      0.259345634758      0.002688154647
      0.145554586400      0.417026229109      0.002751747415
      0.051818863200      0.139267541932      0.001604028176
           5 p
      2.087482230800      0.165004251689      0.002755807086
      1.387285456900     -0.390722275387     -0.003942025251
      0.275838521400      0.621366699858      0.004341401897
      0.129567962600      0.575874965589      0.003667711348
      0.055213450400      0.319970543577     -0.326062721156
           2 d
      0.187189139300      0.965381216609      0.046308460634
      0.153511500600      0.260843068947     -0.054407037641
*
*
52      0.456305196900      0.253987783900     -0.062060916600
           6 s
      2.270630461900      0.331091847538      0.000982886120
      1.593327981700     -0.633135591209     -0.000826303655
      0.334134282500      0.097949595342      0.014516716900
      0.219269068300      0.655211200718      0.000931901977
      0.180271849800      0.034531010358      0.001295203248
      0.079251954100      0.222326966851     -0.037231655336
           5 p
      2.322451303400      0.193528287558      0.003895041738
      1.550891463300     -0.434063854776     -0.003361753326
      0.358529643200      0.464409477395      0.004566654420
      0.165870978600      0.675186475615      0.003614261116
      0.065211784900      0.320284923692     -0.238232161366
           2 d
      0.189775265800      0.921668341376      0.087009320266
      0.041284438500      0.387978695944     -0.350806202859
*
*
53      0.476443510100      0.038338413000     -0.028226774200
           6 s
      2.586103069000      0.327923517692      0.002759693772
      1.624845610000     -0.732241927390     -0.001414067050
      0.340687438100      0.362784475957      0.010941399893
      0.275028172400      0.257521175647      0.002158693432
      0.204013570900      0.278156713371      0.002304982157
      0.101873892100      0.284582215224     -0.035424602033
           5 p
      0.941541435700     -0.535655110768     -0.001642851397
      0.659254580200      0.602088764764      0.007825334092
      0.215436169700      0.491461320337      0.005440836251
      0.185517605600      0.111752528653      0.003980481393
      0.083141663500      0.310708649066     -0.148425362190
           2 d
      0.246588120800      0.886679032795      0.085108800129
      0.121783284800      0.462385437489     -0.258462740102
*
*
54      0.334786946900      0.104830059400      0.177962913000
           6 s
      2.668684410600      0.356739257235      0.004690551500
      1.756942086700     -0.723336328471     -0.000826766200
      0.389632352100      0.444171136243      0.002227430600
      0.334038144300      0.082484190208      0.003812589100
      0.179093131100      0.374268946537      0.002137202200
      0.072115505700      0.073162654507     -0.035556621603
           5 p
      1.038186965700     -0.576627186451     -0.002755120300
      0.764268425300      0.641191123957      0.005017765700
      0.271406201200      0.322620434229      0.004663605600
      0.186018802000      0.341111691330      0.003417493300
      0.076374098700      0.189562390417     -0.103046535209
           2 d
      0.204869092700      0.662192162445      0.054750095104
      0.067472483600      0.749334064351     -0.414397016928
*
*
55      1.948178217300     -0.793595631600      0.277469821400
           4 s
      0.347744051400      0.544507782148      0.005125738702
      0.291710681000     -0.708606009544     -0.004166453951
      0.023209089600      0.383132170155      0.005520030170
      0.019412317700      0.233663301805     -0.136379607986
           3 p
      0.122817945000     -0.240837587654     -0.008960915414
      0.082484967000      0.125941583770      0.001301095758
      0.021005076500      0.962359586563     -0.167718753232
           2 d
      0.233550839800      0.319177534717      0.049315054466
      0.071080766100      0.947694941071     -0.086031401491
*
*
56      6.106947027000      0.708313346500     -0.076676358600
           4 s
      0.460739737400      0.267529301222      0.002213116374
      0.312244768500     -0.524886321649      0.000945610640
      0.036447375600      0.805493325703      0.001062586813
      0.031213272600      0.064054075445     -0.069946101410
           3 p
      0.133125254800     -0.244606167957     -0.063089436078
      0.095780907200      0.582008304669      0.000232666500
      0.026825831500      0.775521860359     -0.093357640558
           3 d
      0.309118171600     -0.041293742551      0.132234543169
      0.102964467000      0.967136483669      0.001642393890
      0.029757141300      0.250882141219     -0.019759170161
*
*
57     10.869984370600     -0.087020828700      0.798344641000
           4 s
      0.366171400300      0.099788338185      0.001492977388
      0.205593031900     -0.625946610589     -0.004706967442
      0.123709702500      0.439165324528      0.000032096219
      0.036628773200      0.636684337790     -0.038239039964
           2 p
      0.171855947700     -0.413862576336      0.001661673145
      0.106677040800      0.910339369636     -0.043860560701
           5 d
      3.128446270500     -0.021927953184     -0.000040402916
      0.569044609800      0.237403291294      0.000242647096
      0.326268155000      0.326710377778      0.026477754412
      0.136082935100      0.709767604041      0.000199359290
      0.046879592000      0.576757418208     -0.031414139844
*
*
72      1.369384074400     -0.375663556900      0.092353983700
           4 s
      0.675576911900      0.184697672497      0.000037536554
      0.465386419400     -0.524773411578     -0.000338967416
      0.106765284900      0.596844854471      0.000009090019
      0.034972416300      0.578165941549     -0.165373540342
           3 p
      0.359063674900     -0.185842104912     -0.000557772794
      0.139183204700      0.323549555337      0.003122029384
      0.056716772100      0.927781438316     -0.255984525480
           5 d
      6.595247524600     -0.014190935579     -0.000117955312
      0.980872694500      0.369434833453      0.000097646783
      0.394277293300      0.625888415734      0.001057429352
      0.162903513500      0.480938897042      0.000852303200
      0.065009308700      0.490181588333     -0.141695144894
*
*
73      1.897952214900      0.098666540500      0.025200716000
           5 s
      0.678628990700      0.192931582375      0.000056733260
      0.442053818700     -0.708596297451     -0.000264937929
      0.237524367500      0.444652260725      0.000015123666
      0.087789726400      0.312443754152      0.000182002193
      0.038487952300      0.406610328551     -0.122491314694
           3 p
      0.365832967700     -0.232112971233     -0.001945372158
      0.157023697800      0.374814256395      0.000185590290
      0.067990276500      0.897573307195     -0.218687447148
           5 d
      6.071799694100     -0.022249153700     -0.000195660813
      1.080529462800      0.385611287889      0.010871231119
      0.445716396200      0.651409334254      0.020750568052
      0.182115030800      0.505435057872      0.000847756635
      0.072339519700      0.413533784996     -0.102390483965
*
*
74      1.977295051300     -0.041384101100     -0.120080528600
           5 s
      1.113189530600      0.133907680300      0.000218688698
      0.589470516100     -0.528533392723     -0.000093736815
      0.136014415800      0.604579977746      0.000026057011
      0.062560974600      0.237458165904      0.000189481666
      0.037143486100      0.529922499889     -0.162166641367
           3 p
      0.439853249700     -0.198436299489     -0.006259856435
      0.154162042100      0.363373169527      0.011819483314
      0.065503150500      0.910265332040     -0.223532494347
           5 d
      7.414742132200     -0.017511712631     -0.000094942244
      1.106121748300      0.481588853828      0.000742791884
      0.454214237900      0.698481738087      0.000966053707
      0.188900837800      0.440361667686      0.003902699548
      0.084380562500      0.293207058204     -0.070126997175
*
*
75      4.608957598600      0.115891681600     -0.146108086500
           5 s
      1.113936823800      0.128562100394      0.000137082077
      0.615173864500     -0.502270970863     -0.000261475623
      0.142037903200      0.582081626619      0.000033793746
      0.061761730900      0.073657852459      0.000189794254
      0.047592453200      0.622053983907     -0.080193974177
           3 p
      0.415996955700     -0.264049830144     -0.000829069205
      0.227638624900      0.205402269382      0.002483462435
      0.123297730500      0.942383995478     -0.103391167768
           5 d
      7.077018279500     -0.023636185688     -0.000058640534
      1.550896226200      0.046442591443      0.000484996767
      1.111085602500      0.524297892056      0.000779496899
      0.446126182700      0.723049716234      0.005840062391
      0.160036391800      0.446760836093     -0.006597683904
*
*
76      0.744499889100     -0.051009130700     -0.050875881700
           5 s
      1.026208835400      0.181214600927      0.000421025299
      0.655439297700     -0.550293149020     -0.000243924928
      0.138449600600      0.711196324207      0.000098531641
      0.056285463800      0.239785185065      0.000537072776
      0.029909718500      0.317870369821     -0.236207450523
           3 p
      0.502472908800     -0.335184790945     -0.001840159700
      0.160497705800      0.738221718567      0.004165372389
      0.064260847000      0.585388631728     -0.328857912165
           5 d
      6.815923924600     -0.030638060847     -0.000103934081
      1.305288454500      0.521998808900      0.000995713275
      0.573250497600      0.662620299749      0.000602931757
      0.260742351000      0.452697332686      0.002647064603
      0.111097330700      0.287363908789     -0.116528022582
*
*
77      1.376713262700      0.042851890900     -0.152169918200
           5 s
      1.071213468500      0.170529031780      0.000109486254
      0.644088725000     -0.617265667267     -0.000384568823
      0.230040882900      0.466419587006      0.000065003376
      0.085547816000      0.483955817764      0.000173472496
      0.039052085700      0.371675235445     -0.194342733296
           3 p
      0.450020456800     -0.471889209049     -0.001253088723
      0.242108191900      0.531965738562      0.004060906386
      0.109389018200      0.703088207396     -0.106896389182
           5 d
      8.411856730600     -0.022014035983     -0.000374251431
      1.328283287500      0.591542780863      0.000595706133
      0.574458908500      0.652635900994      0.000738639869
      0.270389260800      0.401464044122      0.001325012124
      0.119563163600      0.249971043602     -0.064771644402
*
*
78      1.034906821600      0.980901510400      0.949967629400
           5 s
      1.356436966700      0.120879371805      0.000120698508
      0.727725517700     -0.491570266685     -0.000314497805
      0.132048071100      0.724486107213      0.000052112114
      0.074329847600      0.102627580440      0.000310962050
      0.039094295000      0.456436535098     -0.185138101346
           3 p
      0.547474558900     -0.277423799856     -0.002830964399
      0.149272781700      0.662255454579      0.011853988894
      0.055588505300      0.696027117399     -0.302509270483
           5 d
      8.486068609800     -0.026088682142     -0.000086242932
      1.424009455300      0.589764680817      0.007051468929
      0.618350140000      0.656542060349      0.000790522740
      0.269001499600      0.429607137250      0.000655267357
      0.105941861200      0.189439258186     -0.042309258651
*
*
79      0.557815795400     -0.147815468900      0.050347826700
           5 s
      1.309794311900      0.119317508792      0.000114447534
      0.742557163000     -0.488033643046     -0.000510459893
      0.149498260400      0.732178351001      0.000034473952
      0.057321923900      0.062475251401      0.000199750278
      0.046547806500      0.455629455411     -0.213200570063
           3 p
      0.548365372700     -0.337221035944     -0.001853801784
      0.179447260800      0.733910269717      0.022618738646
      0.066872250300      0.589625040955     -0.341650404510
           5 d
      8.872832831700     -0.027257295985     -0.000078011013
      1.496636118700      0.632906720818      0.000711066673
      0.662305409600      0.635802885891      0.000907926667
      0.304427721600      0.399791634748      0.001066280344
      0.132979899200      0.186030808300     -0.058545110222
*
*
80      2.661572758900      0.155677030200     -0.204270644400
           5 s
      1.438213318600      0.247608220652      0.001710193825
      0.891251387700     -0.581302597889     -0.001486547787
      0.308741312000      0.034824288807      0.009637449300
      0.137861290200      0.644236954919      0.004715714489
      0.060076538500      0.429561955460     -0.105143456578
           3 p
      0.607929721900     -0.144293028230     -0.010187273277
      0.146004631500      0.633066026221      0.004130348723
      0.027186320500      0.760530688696     -0.252237438248
           2 d
      0.059672256400      0.463667748206      0.014640759330
      0.031890459600      0.886009153042     -0.015110513613
*
*
81      2.281045851800      0.065869674400     -0.069429959100
           5 s
      1.428110970300      0.338721288953      0.002626097119
      0.971451276700     -0.661144443765     -0.002601735806
      0.255669610600      0.035607324522      0.002321137617
      0.168812532100      0.586384608593      0.006133243065
      0.062039290000      0.321000190240     -0.068928063458
           4 p
      1.170095740100      0.420219696222      0.002940673311
      1.055271735800     -0.524353495374     -0.006860611870
      0.177664427600      0.381096471035      0.010638267137
      0.059659851100      0.635007321659     -0.159407414432
           2 d
      0.741903158500      0.003811680828      0.067093057202
      0.092378337700      0.999992735518     -0.043705710241
*
*
82      1.012312739500      0.065874641200      0.063710765500
           5 s
      1.434809203000      0.304664241974      0.003961400554
      1.040623593900     -0.639676897723     -0.003008424015
      0.522017236600      0.068586854019      0.002574546599
      0.183037340500      0.660800093902      0.006757499124
      0.060429473100      0.237975304471     -0.049487737606
           5 p
      1.283754975500      0.351885895566      0.002810786081
      1.009648504000     -0.579023367435     -0.003037667407
      0.223767663000      0.542782774855      0.005139782656
      0.079015767100      0.455994170867      0.004733320388
      0.058498082100      0.195868404604     -0.163918088112
           2 d
      0.189869383200      0.040410513857      0.333056386103
      0.083989192600      0.999183161572     -0.066106899383
*
*
83      0.963677042983      0.321249373612      0.053606141100
           6 s
      1.590446001473      0.080554961525      0.001018504586
      1.010166693182     -0.479571861828     -0.002036709435
      0.394475915969      0.150922714487      0.002743432194
      0.189417901121      0.821768922970      0.001654365278
      0.171683642133      0.108570318893      0.002824340118
      0.059685066313      0.223971977788     -0.013197331455
           5 p
      1.366713965093      0.480624073461      0.002475192640
      1.189145940659     -0.652253713089     -0.001587804282
      0.285931664981      0.298974265019      0.002161578277
      0.147952379962      0.317303576075      0.002514981197
      0.062824485302      0.386445468887     -0.174352861634
           2 d
      0.126934295955      0.137507161029      0.095829108156
      0.107891242139      0.986988175061     -0.046048866548
*
*
84      0.463584895500      0.382760011400      0.051552287000
           6 s
      1.795737316400      0.399629043235      0.003635386781
      1.351594698200     -0.728869686238     -0.001059840340
      0.694850801000      0.072995170579      0.002191061717
      0.253865990500      0.517181687161      0.002072934993
      0.145853880400      0.152825145781      0.001718770354
      0.072986155300      0.113511632184     -0.037390176157
           5 p
      1.663507662200      0.227254016073      0.005907765600
      1.241885159700     -0.444440817900     -0.001191465036
      0.250740123100      0.706678142960      0.003021581300
      0.144387125100      0.246754663111      0.002590223758
      0.076799223000      0.436515876067     -0.250286203110
           2 d
      0.160631220000      0.750179149910      0.173271853779
      0.042611577500      0.661234635390     -0.579421532980
*
*
85      0.442814380800      0.056536675300     -0.070580615400
           6 s
      1.954226175800      0.332910402400      0.002431619736
      1.303648945700     -0.753405028667     -0.001030477506
      0.556422369400      0.062448151553      0.001295649518
      0.385135717800      0.299318695978      0.001722387177
      0.232714403300      0.427411006989      0.001586702223
      0.106222164900      0.213025595797     -0.017193142567
           5 p
      1.924127993900      0.109904006240      0.002935193673
      1.227739129800     -0.332597687657     -0.001835911369
      0.328541599700      0.613751200500      0.009520625920
      0.145156305500      0.645831623721      0.002779818100
      0.066344259200      0.288982465322     -0.194115047293
           2 d
      0.189165423800      0.374098575535      0.057957707517
      0.167736975700      0.927388945256     -0.065222539163
*
*
86      2.697109498000     -0.067079814500     -0.128541401700
           6 s
      1.959846149900      0.398045217849      0.003479634900
      1.474944621200     -0.730728909191     -0.001388133200
      0.362791846100      0.501297728362      0.001404308400
      0.213371678100      0.043056944105      0.001322166500
      0.154212304000      0.223633856428      0.002303477600
      0.101022577000      0.066557127208     -0.017968483502
           5 p
      1.779129838600      0.299075599412      0.002379216300
      1.471877976000     -0.474859920920     -0.003518893900
      0.363921487300      0.539294543222      0.000435673400
      0.156277855400      0.608293647425      0.028817748601
      0.055939465200      0.155570162606     -0.015198442801
           2 d
      0.166062583000      0.080139051905      0.287359237019
      0.030607760200      0.996783693867     -0.254811651817
*
*
