*
 1      0.461792088200      0.160608733000     -0.355421800400
           8 s
    296.062976609000      0.001094938603      0.000380828859
     47.978093558000      0.007232673808      0.002083362523
     11.938852410600      0.033900496668      0.011621337478
      3.458916403100      0.139134792278      0.036384715016
      1.126993134100      0.383006536036      0.163049957417
      0.467753590700      0.546768440772      0.000219640049
      0.209889335600      0.570047999661      0.000142133104
      0.074195636100      0.456983915533     -1.103809511107
           3 p
      1.921229682200      0.225534169439      0.027289501103
      0.614558468300      0.529137040880      0.011286873704
      0.227306166800      0.818014871737     -0.935972732906
*
*
 2      0.805755137600     -0.036383708300      0.062161716200
           8 s
    325.319388983700      0.002854629407      0.000163033852
     53.852944329000      0.019444871584      0.000364899095
     13.050830973500      0.090646655244      0.000336747332
      3.871360218800      0.290683649126      0.002873020407
      1.210839170400      0.614426575252      0.041106203635
      0.453342411400      0.613780870198      0.001053206283
      0.247529831900      0.048534830589     -0.485902069071
      0.200284313400      0.387682015711      0.001000495355
           2 p
      0.661399361800      0.081445557271      0.003075231109
      0.142916697800      0.996677792068     -0.765710891829
*
*
 3      0.834539136600     -0.758735325500      0.035687009700
           5 s
      3.704307690700      0.009014631583     -0.000038595645
      0.563748612300     -0.174365082841     -0.136244565944
      0.145535085700      0.011531255465      0.148940310525
      0.068660844900      0.477879489522      0.002420677702
      0.029501019900      0.860821571491     -0.505018853576
           4 p
      1.743786754000      0.039191798092      0.000994129868
      0.473088072800      0.081329955105      0.074843992637
      0.157043664200      0.401097346159     -0.001834036774
      0.059977355400      0.911575756736     -0.421770648855
           2 d
      0.383006765900     -0.022316556162      0.149964020849
      0.095503585800      0.999750954649     -0.409217681250
*
*
 4      0.935250200500      0.263971154500      0.426523574400
           6 s
      7.407769419900      0.010709343314      0.000282232687
      1.235543804000     -0.245600830093     -0.000678259497
      0.443304867000      0.067262101177      0.000639163702
      0.178837597400      0.637713588792      0.000432418484
      0.062682628200      0.726732405285     -0.361438805085
      0.019423969500      0.014924535089      0.000516715036
           4 p
      2.765507512100      0.053812959774      0.010361514290
      0.656515983000      0.227558513557      0.072109360350
      0.214291231600      0.527995660647      0.011235181632
      0.060518154000      0.816420155683     -0.373672936712
           2 d
      0.460161450400      0.275646854871      0.104333492727
      0.090867588400      0.961258972077     -0.408989088676
*
*
 5      0.737452652000      0.147240186200     -0.099714076700
           6 s
      1.543913135600     -0.558205969785      0.001159194339
      1.208982424900      0.431174832550      0.003317557544
      0.305844214700      0.553133516690      0.005364629838
      0.116024970300      0.415859407822      0.012493736228
      0.068223593600      0.098425354931     -0.308342048995
      0.050226893500      0.117945217026      0.014532855603
           5 p
      8.976901062800      0.021752739949     -0.001155801961
      2.365798048300      0.123294941608      0.013299095478
      0.694366643200      0.483543940070      0.001814370416
      0.232848456100      0.608603853341      0.002457577247
      0.076186266700      0.616532061939     -0.468396254924
           2 d
      0.691389992300      0.362707867328      0.016869615043
      0.162923545500      0.931902893535     -0.519421905157
*
*
 6      0.920146899400      0.046708270300     -0.038842166400
           6 s
      2.196943561700     -0.644476888454      0.000508581300
      1.924970150000      0.554128761846      0.000348898800
      0.501852765400      0.366293040630      0.000432006400
      0.196630894300      0.353152879529      0.000199389700
      0.137769088300      0.035881198403     -0.189304685116
      0.076256610200      0.131969114611      0.000136298300
           6 p
     22.529456641400      0.009073459801      0.000968539800
      6.153309964400      0.069443879406      0.000556108200
      2.167863133900      0.221813287119      0.001789592000
      0.772385089700      0.560176223748      0.000854513300
      0.280651266700      0.554096822347      0.000609743600
      0.095436788400      0.570152080949     -0.312080074527
           3 d
      2.719406803000      0.092714297910      0.001612742000
      0.718581538000      0.434577927946      0.013824232101
      0.171745376400      0.895849364294     -0.357518527937
*
*
 7      0.199861930000      0.255144725700     -0.020660536100
           6 s
      2.698695445800     -0.630237097246      0.000363202800
      2.250403115300      0.595083342343      0.000387506100
      0.617117799100      0.387689276928      0.000374723200
      0.311679358000      0.268937754320      0.000195296000
      0.163803151600      0.141983331610      0.000361471000
      0.067531417400      0.076728477906     -0.104432500908
           6 p
     27.228763724000      0.016870235701      0.001412593900
      7.060676073900      0.116234236409      0.002089078900
      2.348363813500      0.344018434628      0.028182927502
      0.848578033300      0.656228517952      0.013842380101
      0.298679964900      0.612833542649      0.000845209600
      0.090929653600      0.248305246220     -0.339940658627
           3 d
      1.944851650900      0.220675070107      0.026608364201
      0.650462622800      0.655940629721      0.004945894000
      0.184031394500      0.721834055524     -0.406555805113
*
*
 8      0.387369282100     -0.032067429800     -0.021089829500
           6 s
      3.496289378600     -0.598646143005     -0.001099575260
      2.828897466900      0.592890306291      0.003853571187
      0.724912092600      0.472083084600      0.008692251186
      0.336116361200      0.210070160881      0.001195473569
      0.238742676200      0.127427196509      0.001113457021
      0.098562533900      0.082911268850     -0.067763979867
           6 p
     37.305012350500      0.017945364648      0.001208797165
      9.614296908300      0.118990846318      0.006024277794
      3.082751075000      0.358341532926      0.022981392057
      1.093105544700      0.624238309996      0.035919861837
      0.384058023500      0.622792822938      0.001325498671
      0.121250702500      0.282074671304     -0.284738980982
           3 d
      3.450570634300      0.144809570395      0.018369181735
      0.908818852500      0.785119884532      0.005579260365
      0.276666331400      0.602176847142     -0.035128438105
*
*
 9      0.218242114800     -0.012766040200      0.033325750300
           6 s
      6.822960676000     -0.480192827319     -0.003756521566
      5.190441242900      0.299808567014      0.006759786620
      1.369234679100      0.526105118424      0.006752789776
      0.701609114800      0.363522036144      0.003012292129
      0.425957412500      0.496347581452      0.003229513332
      0.160575139500      0.155672360192     -0.107387351890
           6 p
     53.696723784900      0.017469948330      0.000064219363
     14.889396712400      0.101103389549      0.000565391390
      4.749584307800      0.307072470998      0.002104652281
      1.689824464700      0.582900766060      0.002794354559
      0.568811179300      0.675611766051      0.001967036746
      0.178079071400      0.314570884829     -0.244035270987
           2 d
      2.036386372600      0.304079055586      0.171003519606
      0.602663109800      0.952646801261     -0.035493547600
*
*
10      0.054618455400      0.022013214000     -0.023593940500
           6 s
      8.836211599500     -0.435798474664     -0.000725670583
      7.489627979800      0.281699220935      0.001130280443
      1.752358108100      0.515384476846      0.001079757807
      0.693161411400      0.656802487579      0.001377858858
      0.310835666600      0.173873194713      0.001387572034
      0.174849323900      0.059014268631     -0.087165014284
           6 p
     71.475244035200      0.014648498955      0.000456022556
     18.515749126300      0.103455634903      0.001200538586
      6.035115860000      0.310192758741      0.001000908930
      2.160710977400      0.583003927036      0.001271001831
      0.733997386800      0.667919726218      0.001192326667
      0.235563632200      0.326882954434     -0.200174633201
           2 d
      1.832390159200      0.211705215052      0.046381178143
      0.435390470700      0.977333567376     -0.030029970916
*
*
11      0.672911163700     -0.331073622500     -0.189637436500
           4 s
      2.204956680100      0.016954649552      0.000058088719
      0.537805889000     -0.249854027575      0.000033509688
      0.071584441100      0.389377118584      0.001227503394
      0.027562896700      0.886380823510     -0.698200761623
           4 p
      0.424813610100     -0.103149102342     -0.001324987724
      0.258131695400      0.086215196875      0.001930059813
      0.080076222800      0.346498286648      0.004811494167
      0.023663303000      0.928367459503     -0.709799858727
           2 d
      0.405819002800      0.098463300080      0.055221140168
      0.097666096900      0.995140682787     -0.586788026416
*
*
12      2.828950324800     -0.449092182400      0.071540007500
           4 s
      2.633483688300      0.026568004925      0.000847914464
      0.790889087400     -0.278777638501     -0.001108374632
      0.130398930100      0.518689926657      0.005050685198
      0.051771832900      0.807798198420     -0.155073197045
           3 p
      0.851599586700     -0.043305182803     -0.002370794246
      0.172428010200      0.257231299858      0.036117334718
      0.057667921800      0.965379054836     -0.183327316599
           2 d
      0.418609607700      0.036446661058      0.093721482055
      0.100916037800      0.999335599735     -0.134842957963
*
*
13      1.871564103100      0.261537114800      0.020503980800
           5 s
      3.292219273900      0.039235653940      0.000688415666
      1.040880081800     -0.353666366357     -0.001311362844
      0.371230840400      0.093698715904      0.000611064005
      0.167601225600      0.685148372891      0.001389514238
      0.064901427400      0.628627809224     -0.186639005676
           4 p
      0.883585948300     -0.136556632717      0.000560889669
      0.407380507700      0.281526172259      0.011789987487
      0.142416835800      0.590417796561      0.004093257183
      0.054112069700      0.743977234798     -0.284135733674
           2 d
      0.505899567700      0.269905311717      0.021811185520
      0.133075768800      0.962886869111     -0.238746866417
*
*
14      1.382555791400      0.031503644200      0.010103640000
           6 s
      4.248465912400      0.039689998645      0.002862921022
      1.325450262800     -0.386661148485     -0.000150305079
      0.307178029600      0.546055068668      0.002100922341
      0.129284844700      0.694683049050      0.001551100695
      0.096571945300      0.162728091060     -0.257886599375
      0.052415127900      0.204148847618      0.001832079778
           4 p
      1.206574811800     -0.102311864671     -0.010743835378
      0.499656329800      0.312923121317      0.041797212963
      0.188911649300      0.672985235022      0.000566616244
      0.070108538100      0.662346039419     -0.243893657673
           2 d
      1.058905768900      0.153316945134      0.084684031459
      0.287160827000      0.988177066287     -0.076969380037
*
*
15      0.278461934300      0.291803883400      0.048729318300
           5 s
      7.961124478200      0.029007169523      0.000455832126
      1.458971223300     -0.384247469455     -0.000467745812
      0.434587147900      0.501054464707      0.013978965504
      0.186532266900      0.739421734146      0.001856201084
      0.066346664300      0.231759333800     -0.100241864579
           5 p
      1.171333739600     -0.180995702039     -0.001942156580
      0.771128609500      0.360176044932      0.010279229429
      0.337609316500      0.626407529703      0.001580523954
      0.160209704400      0.574600802595      0.001292565976
      0.067195768600      0.339059429732     -0.363618667924
           2 d
      1.658061830500      0.221443316176      0.030163088157
      0.364905987400      0.975173244978     -0.041987670415
*
*
16      0.167704799600      0.199124188100     -0.070103772200
           5 s
      7.465198298800      0.041341580158      0.000634687434
      1.932955335000     -0.403643182774     -0.000626134949
      0.520510097700      0.521614759214      0.025711175905
      0.230275427600      0.727481296029      0.002011032740
      0.086021046300      0.184532007110     -0.087511258548
           5 p
      1.637550269700     -0.251110559771     -0.003005545094
      1.136252169900      0.384479159707      0.004195535601
      0.422396138900      0.644415568954      0.002993885752
      0.186096838000      0.564547331449      0.003484049254
      0.079461376300      0.234806617383     -0.276373743481
           2 d
      1.618198226800      0.266171379643      0.023803856777
      0.373570045200      0.963925721547     -0.029704621908
*
*
17      0.341976332700     -0.025362719600     -0.027671517600
           5 s
     16.437969080300      0.019144675860      0.000593133459
      2.131056149700     -0.394186839441     -0.000122198445
      0.701850451600      0.483675027785      0.023071631527
      0.295051084600      0.748615701264      0.001484502977
      0.111318131200      0.223345508834     -0.088161186530
           5 p
      2.685226209400     -0.142734616895     -0.000904256507
      1.633465824300      0.173387426471      0.002833984143
      0.647154015400      0.604507675207      0.000782764666
      0.263279872600      0.685213191656      0.000830607741
      0.104096201100      0.338551299034     -0.230663294669
           2 d
      2.096502197800      0.257977410388      0.068258270128
      0.485126735500      0.966150948729     -0.023005228537
*
*
18      0.355186238800      0.009863094900     -0.063892863000
           5 s
     17.207782073300      0.008965761323      0.000404733410
      2.281101885900     -0.599160935327     -0.000550284898
      1.747947880500      0.445562987253      0.009934650575
      0.465467414700      0.626490824491      0.001094411430
      0.168272878100      0.223402461762     -0.043820348875
           5 p
      3.232366472400     -0.082289098983     -0.000825020058
      1.126163176400      0.493201990881      0.001200506663
      0.439879009700      0.764963417525      0.001056267187
      0.233485431100      0.248953682360      0.001267507532
      0.126667051500      0.320676369986     -0.172398523554
           2 d
      1.735046394100      0.314088492116      0.011589153373
      0.363412067900      0.949393711334     -0.012987788855
*
*
19      0.905467192500     -0.295660494200      0.055036348900
           4 s
      0.910515236600      0.059466080540     -0.001072369168
      0.303732208900     -0.377860031173     -0.002740035156
      0.044310882600      0.523186275154     -0.004258773757
      0.018324331800      0.761552167351     -0.463230028332
           3 p
      0.206976730900     -0.065163355065     -0.068585806708
      0.074199063600      0.236409099762      0.023368620703
      0.024500032100      0.969466077130     -0.508313648400
           2 d
      0.594800023100      0.274111074449      0.165749305177
      0.122583957000      0.961698039337     -0.054348419922
*
*
20      4.191243209800     -0.027534045700      0.023791493800
           4 s
      0.895118547700      0.097939362207     -0.000020948200
      0.461222060400     -0.321026534823     -0.000588388700
      0.051465849800      0.941791557767      0.000955814800
      0.039263435400     -0.019455256101     -0.076085907905
           3 p
      0.347048065000     -0.035562720504     -0.035130046804
      0.083209458500      0.500315453154      0.023608632503
      0.026426148400      0.865112559293     -0.156873984917
           2 d
      1.090479381600      0.323650729407      0.035980223801
      0.211397929300      0.946176624819      0.000988838400
*
*
21      6.313800555600     -0.805185194900      0.263772177800
           5 s
      0.830670745100      0.080222190605      0.000151381300
      0.465463418600     -0.379045915525     -0.004352581700
      0.157184270100      0.007600285601      0.000289864200
      0.109532467500      0.358493674424      0.000686674500
      0.040375205800      0.849301545457     -0.081051685205
           3 p
      0.452055379300     -0.128315317007     -0.000629888600
      0.157649980500      0.009168916001      0.000576923800
      0.115901561000      0.991691035757     -0.067834115104
           6 d
     35.399393937900      0.011193188302      0.000134688800
      9.223713012200      0.087287592413      0.000112463000
      2.980209700200      0.289725692743      0.000337622700
      1.060321312600      0.520489729478      0.000612346400
      0.362047970100      0.552128118883      0.019827901503
      0.125040920200      0.576679801586     -0.022392838003
*
*
22      2.343516103000     -0.361569352700      0.035011851000
           5 s
      1.078730563100      0.049309902525      0.001076850815
      0.522731865800     -0.352096593722     -0.000893788412
      0.265915693000      0.012329559162      0.000347807136
      0.104945931100      0.430990097562      0.000627855020
      0.042287260400      0.829271993966     -0.173361986158
           3 p
      0.579605635500     -0.089531758948     -0.000872793396
      0.116517293400      0.299415073659      0.013100819973
      0.080487087300      0.949912984334     -0.195524079136
           6 d
     40.551039454900      0.012850308402      0.000278925843
     10.930193675100      0.093227882630      0.000390891263
      3.609427607800      0.310132044001      0.000594540195
      1.309864093900      0.551487984803      0.000541483195
      0.449349462100      0.590705786201      0.024639426186
      0.145876765400      0.491822349557     -0.021269577001
*
*
23      1.840652908300      0.205791990500     -0.053551698100
           5 s
      0.972292342600      0.065334281310      0.000591220943
      0.554047715500     -0.394813715517     -0.001008517996
      0.261441862100      0.021994544666      0.000418326995
      0.116104152100      0.575699237145      0.000804360949
      0.038601578700      0.712699228343     -0.224997430779
           3 p
      0.750226039700     -0.122257354844     -0.001352468423
      0.133270413600      0.422597951623      0.016405553270
      0.112105288300      0.898033468458     -0.266787363303
           6 d
     39.045155026000      0.019911522166      0.000178821989
     11.036733318900      0.118758081967      0.000787659768
      3.746602131500      0.371183399575      0.000672204542
      1.365203199900      0.607251399126      0.000369444999
      0.465929844900      0.592499968348      0.023743211213
      0.152137375000      0.357648513068     -0.027457714551
*
*
24      0.900358784900      0.628678614800     -0.251240393700
           5 s
      0.861398118600      0.114279307661      0.000332889885
      0.608373740500     -0.416928994918     -0.001029660857
      0.243034250800      0.015387150763      0.000706621894
      0.102546068900      0.708801192141      0.001573807752
      0.027779309400      0.557202439557     -0.434846206848
           3 p
      0.809790472200     -0.080502135439     -0.022153371674
      0.117444764700      0.573197748516      0.027791252392
      0.029478576500      0.815453093247     -0.574095428258
           6 d
     43.562471597900      0.021636168074      0.000178777392
     12.003860098700      0.132652933634      0.001127901083
      4.051866294300      0.397889519519      0.000554576119
      1.465901759100      0.621330844329      0.000237927149
      0.496579880400      0.612336624454      0.001786617315
      0.152137375000      0.250221593640     -0.019210237586
*
*
25      2.696249116800      0.525288402000     -0.367514520900
           5 s
      1.167469696300      0.099026163604      0.001830513227
      0.752282033000     -0.377410431525     -0.000311634630
      0.192311701800      0.010609336848      0.000706444509
      0.148022148400      0.349971773347      0.005315985996
      0.058820530200      0.851564668672     -0.217870455328
           3 p
      0.829302640700     -0.080802228311     -0.025053956994
      0.152655079400      0.615567439510      0.013861405880
      0.132092327100      0.783930945502     -0.212436702902
           6 d
     43.277468638700      0.027806830513      0.000122326070
     12.209151724000      0.156348308893      0.000771493915
      4.212754509600      0.440833428387      0.000753242267
      1.523439016900      0.650924792256      0.000261833487
      0.506888738400      0.544719722965      0.017180416848
      0.152137375000      0.245000434978     -0.018809393286
*
*
26      0.652168051900      0.430411676200     -0.212676202400
           5 s
      1.434500814900      0.082743166190      0.000506577036
      0.838422287600     -0.352444366366     -0.000300763802
      0.253649063100      0.009342097098      0.000413423252
      0.110062962900      0.800560174103      0.001615730334
      0.026261769300      0.477443891916     -0.456161317774
           3 p
      0.912721796200     -0.124519126372     -0.003334658778
      0.153493929200      0.624722004150      0.010100411141
      0.042965256400      0.770854982924     -0.734492675675
           6 d
     47.516387131900      0.028133610244      0.000186430386
     13.482942435700      0.154988263078      0.002735958728
      4.678991829500      0.432953009773      0.001035935713
      1.685747694000      0.632311192841      0.000208504918
      0.551838294300      0.578512730909      0.000629429536
      0.152137375000      0.230747492282     -0.025709783387
*
*
27      0.822456001800      0.376348849900     -0.195773799900
           5 s
      1.365536209600      0.077685262960      0.000474942260
      0.833368788200     -0.351941674394     -0.000728287189
      0.310110331700      0.010204160763      0.000391090737
      0.130410019700      0.691171025614      0.001055699869
      0.036994701300      0.626323036618     -0.442798022262
           3 p
      0.976987433800     -0.120839450996     -0.002337059026
      0.176856024300      0.450479352761      0.009382888052
      0.089466161300      0.884571184144     -0.568007475160
           6 d
     49.295500467400      0.031958370351      0.000178044127
     14.217282975800      0.167580764013      0.004003386461
      4.957141748900      0.457967052088      0.000696205907
      1.775576742100      0.643399510141      0.000195121440
      0.576306213500      0.560576634628      0.000411778310
      0.152137375000      0.181528059424     -0.013936435512
*
*
28      0.036383551000      0.061388448600      1.406964481300
           5 s
      1.447030071300      0.103697774140      0.000972659650
      0.941203243600     -0.361010811565     -0.000217816176
      0.288739560300      0.011803423356      0.000265560533
      0.114767416100      0.845092355335      0.001445568641
      0.028288349000      0.380259852893     -0.328434706268
           3 p
      1.128618708800     -0.134130940278     -0.003656916553
      0.170978870100      0.735856775469      0.017131901709
      0.052741661700      0.663719592039     -0.475728406286
           6 d
     56.662646048100      0.029666171446      0.000179819087
     15.896342232000      0.171397416815      0.002352162990
      5.451693714400      0.460474488350      0.010003649604
      1.923706168100      0.639389007908      0.000251494876
      0.610785843200      0.548639115224      0.000178004305
      0.152137375000      0.218821633237     -0.016799570489
*
*
29      2.011370920100      0.019325340300     -0.541471701400
           5 s
      1.511342334400      0.074505929154      0.000483104346
      0.955884655000     -0.323665434084     -0.000832610226
      0.244510270800      0.008732433765      0.000339943583
      0.157973662300      0.487428253876      0.000404503333
      0.055511270400      0.807481885384     -0.323138546516
           3 p
      1.112219420200     -0.102889052378     -0.002331432309
      0.189020022700      0.553100438285      0.010793948878
      0.097053428000      0.826736807013     -0.336308506170
           6 d
     56.391284917100      0.035560784980      0.000141500131
     16.081969785700      0.191309879391      0.000582926776
      5.568478500900      0.488505213244      0.000298021023
      1.952427309600      0.644537431439      0.000217112809
      0.610138165100      0.518674409792      0.000478298426
      0.152137375000      0.197603070203     -0.015170560478
*
*
30      1.334828569100      0.375899304800     -0.165030335600
           5 s
      1.808322451400      0.162538244432      0.001355507669
      1.134153919500     -0.419041133246     -0.001522688662
      0.369113731500      0.016181871495      0.003039299137
      0.149596801600      0.714736121101      0.003152195091
      0.051912223100      0.535608319552     -0.248024997154
           3 p
      1.217874206300     -0.055073166739     -0.004237396993
      0.183273896800      0.520612538534      0.002859005110
      0.047983813100      0.852014982865     -0.471935344757
           2 d
      0.195944228500      0.120195633534      0.854796353805
      0.070406678900      0.992750225223     -0.134002233153
*
*
31      3.483597668900      0.114040362400      0.152355542500
           5 s
      3.278146374100      0.174623604109      0.002433668325
      1.735367734800     -0.483972139925     -0.003543691094
      0.221778504500      0.221469446812      0.002991425765
      0.179502213300      0.594717114962      0.002021606025
      0.067122211500      0.576663161616     -0.097631660030
           4 p
      1.059901556100     -0.308297057755     -0.004247114901
      0.777684364400      0.302195154967      0.002891460900
      0.190933992300      0.444348108090      0.003743034997
      0.065492243500      0.784975013189     -0.147308079514
           2 d
      0.344511379000      0.014141733322      0.068577350799
      0.105964339600      0.999900000689     -0.136160966182
*
*
32      1.846117206000      0.078402791300      0.045439372900
           6 s
      3.178402010400      0.247115335684      0.003499241383
      1.917240683600     -0.569635352617     -0.003421975602
      0.287906364800      0.237379050260      0.005187857472
      0.191645661100      0.695166487638      0.005139699538
      0.071638286600      0.136395722724     -0.103471311972
      0.059486649200      0.237150845883      0.002833550223
           5 p
      1.211088691000     -0.346776913491     -0.002622470941
      0.814318366100      0.314243557462      0.003091958992
      0.241195856400      0.637203313716      0.005179307110
      0.084267599200      0.504697282448      0.005064381302
      0.079326208700      0.346769878943     -0.234736696975
           2 d
      0.374243013900      0.304101087653      0.039162051305
      0.119928823400      0.952639768479     -0.243337038186
*
*
33      0.232545626300      0.520692733500      0.142044811500
           6 s
      3.395983452100      0.181533523063      0.002507570126
      1.877471817800     -0.546655236283     -0.002266106242
      0.377307323200      0.335271820123      0.017577557601
      0.221645494000      0.689545837261      0.002779003682
      0.137410048700      0.096568593622      0.002250177009
      0.072853413000      0.266472295599     -0.083884092993
           5 p
      1.341205618300     -0.432493516841     -0.003367645516
      0.936816242100      0.400923955405      0.006244786810
      0.327804417600      0.484442220625      0.003547675840
      0.168557387200      0.558700906586      0.002452855491
      0.064428014900      0.324620350147     -0.297475871670
           2 d
      0.287165023000      0.898581521705      0.182369339741
      0.083807069100      0.438806618967     -0.386475515940
*
*
34      0.276678506400      0.254591725600     -0.030144675200
           6 s
      3.693336011700      0.231568453638      0.005832116944
      2.191486828100     -0.587355114425     -0.001842430547
      0.357515814400      0.678083292439      0.009446916278
      0.191281678200      0.331624435449      0.001998888737
      0.128789545500      0.148602009841      0.002709103785
      0.067708308900      0.097651143562     -0.071350883086
           5 p
      1.458388177400     -0.364101179695     -0.001778281254
      1.012445766100      0.372275565750      0.003069269005
      0.367820413100      0.570676018435      0.002274580426
      0.185987069600      0.559549752629      0.002296295177
      0.077192899000      0.300123625205     -0.281086909123
           2 d
      0.323503617700      0.950275435692      0.032359283334
      0.111942000800      0.311410655439     -0.069402819874
*
*
35      0.378813706400      0.019597302200      0.049793180400
           6 s
      4.529136907300      0.147260171935      0.004592660534
      2.296486129600     -0.532906816147     -0.000943318212
      0.425854282800      0.693125804900      0.002676420230
      0.245054383700      0.385477076974      0.004204486119
      0.135905729000      0.245443355566      0.002551935042
      0.076436858000      0.071178423580     -0.064673946073
           5 p
      1.772166546300     -0.389452271702     -0.003633897372
      1.308621663000      0.344640546332      0.006636493882
      0.464272443700      0.560872557608      0.004133425335
      0.204682084700      0.573777268944      0.003533922832
      0.087629703900      0.292833470860     -0.193777507759
           2 d
      0.459746523200      0.727313095902      0.043143835304
      0.183830425400      0.686305806859     -0.142426304608
*
*
36      0.410218657800      0.004745265600      0.140302214300
           6 s
      4.155103474700      0.292001113273      0.003502044494
      2.821425338600     -0.612666670137     -0.000858109686
      0.461726201000      0.665773686501      0.004276745171
      0.223253752100      0.287554189382      0.001932524972
      0.162105840600      0.112216168014      0.001904526546
      0.069853464100      0.028989986536      0.003662091670
           5 p
      2.089143241000     -0.340039468092     -0.003278761362
      1.455599015800      0.290025067741      0.004950473277
      0.555944783600      0.564265431443      0.003710240625
      0.251466682700      0.630725671301      0.003217696704
      0.104166719700      0.289910797765     -0.128460158748
           2 d
      0.489723085800      0.598635837533      0.016507967934
      0.173706999200      0.801021306846     -0.016851867386
*
*
37      1.519005996700     -0.558432088500      0.137801498400
           4 s
      0.574954674200      0.212772292779      0.002371428334
      0.342012704800     -0.470894557051     -0.004979128414
      0.025949407400      0.806657019426      0.003128914753
      0.018525224200      0.286863592281     -0.287544367118
           3 p
      0.156817807800     -0.163752603902      0.000781068366
      0.084953665100      0.152205412994      0.001433268663
      0.022113439500      0.974688974479     -0.305279049378
           2 d
      0.332607384900      0.383585628525      0.027728352347
      0.089324717100      0.923505314326     -0.078766711021
*
*
38      3.591782624100      0.529645889600      0.147901021800
           4 s
      1.890766715400      0.419604711547      0.017425091790
      0.646901562300     -0.907444579097     -0.002338770837
      0.240265128200      0.009155556027     -0.096012815585
      0.041782157100      0.019809030995      0.004857694784
           4 p
      0.511964954300     -0.882954312894     -0.009266687484
      0.130558494600     -0.411020454804      0.003650742301
      0.096176817700      0.222124375965      0.001113763250
      0.057172726200      0.045985091903     -0.022297593188
           2 d
      0.374123994800      0.306002478933      0.001514088511
      0.068473335900      0.952030715306     -0.102292692495
*
*
39     10.528342535200     -0.690321517200      0.724102556900
           5 s
      0.676476595800      0.139085319102      0.000318977822
      0.380066584500     -0.482726570949     -0.006094971817
      0.103504471100      0.380837106151      0.000405168726
      0.051674976000      0.033954332544      0.000085385550
      0.032211994700      0.775525972222     -0.048176231595
           3 p
      0.289011046000     -0.300875457113     -0.002036993677
      0.100873519900      0.711281179975      0.011804569119
      0.090443361700      0.635258248526     -0.071036858969
           6 d
      8.238454624400     -0.011914497022     -0.000008352347
      2.283278923000      0.037537824687      0.000101142334
      0.901040387000      0.314657099617      0.000233000467
      0.365059963000      0.540104569452      0.003345476689
      0.157970995100      0.450722864054      0.000896489362
      0.071302666900      0.636062748489     -0.034515312223
*
*
40      1.281835360400     -0.037792674800      0.013767725100
           5 s
      0.539276139500      0.108243196582      0.000998403255
      0.344459848600     -0.504712905685     -0.000679030374
      0.282723475900      0.044527483894      0.040105287077
      0.137149409600      0.262333047533      0.001129631364
      0.047828907700      0.814092727261     -0.278803668308
           3 p
      0.348979199200     -0.151103720840     -0.001859887081
      0.114248446500      0.327345288617      0.007602919447
      0.053778087700      0.932744727977     -0.330470942046
           6 d
     10.081046000900     -0.011758169233     -0.000417799970
      2.248770755200      0.070641937098      0.000431082352
      0.918852743300      0.450268073285      0.001771347044
      0.364082383400      0.688388274572      0.000571809731
      0.147781222800      0.445940005828      0.001025579588
      0.064391964600      0.345527450419     -0.122018100032
*
*
41      2.682275524800      0.119300153800      0.022099734300
           5 s
      0.778556292000      0.088570774705      0.000563826300
      0.437417780700     -0.446847451727     -0.000904816200
      0.177370133500      0.058300642704      0.019044136501
      0.105286600400      0.355650521621      0.000739989700
      0.049039575800      0.814000193049     -0.167750286010
           3 p
      0.394855101800     -0.205725434717     -0.001279357300
      0.104330305500      0.812299723667      0.008110668501
      0.089518888400      0.545752878545     -0.187588031816
           6 d
     10.190822538300     -0.015329537902     -0.000238812500
      1.868190850400      0.175081059120      0.000335927200
      0.885431495700      0.517408644259      0.000593785400
      0.381285783700      0.712959283381      0.000268662300
      0.152888148000      0.390376984744      0.002124978700
      0.075531396600      0.201729504223     -0.041329506005
*
*
42      0.912426605100      0.639078451100      0.015023708000
           5 s
      0.712946504000      0.155665288057      0.000145645006
      0.461913852800     -0.569137836091     -0.000111622507
      0.122341948200      0.666523537303      0.000218991983
      0.053498719200      0.222024261090      0.000142401637
      0.032994561700      0.397871893116     -0.299657352167
           3 p
      0.437483165900     -0.409747600198     -0.007847836939
      0.191953205900      0.232179114970      0.002012210303
      0.113817173100      0.882156314212     -0.093694910582
           6 d
     11.079469031900     -0.019514096719     -0.000374233877
      3.599057614000      0.048910037750      0.000182395752
      1.354286056400      0.471604372145      0.000765971468
      0.577025307000      0.681412513349      0.000778571488
      0.249389809600      0.493024798023      0.023874002517
      0.109695273900      0.259653345053     -0.067716700902
*
*
43     11.733404352400      0.836766998600     -0.443994262000
           5 s
      0.963275794700      0.058779375787      0.000113387969
      0.474729257600     -0.441856496298     -0.000346559863
      0.155446339200      0.389115390571     -0.000012763201
      0.113024574700      0.039444052999      0.000047909602
      0.054015993600      0.805196374287     -0.043964698351
           2 p
      0.455917000600     -0.157086417161     -0.001155935724
      0.138185608900      0.987584860933     -0.039896863411
           6 d
     14.500734890200     -0.015525610748     -0.000070782269
      4.337655800800      0.030655473962      0.000186002417
      1.760969921700      0.356559977757      0.000350771089
      0.878780285400      0.625736556037      0.000216215772
      0.387809352600      0.607066587622      0.005766857414
      0.150620138700      0.334077985237     -0.000531095908
*
*
44      1.455241870100      0.276147990300     -0.016872841700
           5 s
      1.073228361500      0.101294535707      0.000055617565
      0.584642537400     -0.441781015378     -0.000135944601
      0.123471311200      0.570845816522     -0.000018940180
      0.078189927800      0.050882719221      0.000059261638
      0.038267020000      0.682726119415     -0.255241643381
           3 p
      0.525328755700     -0.219453399098     -0.007627794527
      0.143358015300      0.544244353671      0.017504021535
      0.048604783200      0.809714943126     -0.301054673030
           6 d
     14.190859440900     -0.018504597486     -0.000079744270
      4.052381274500      0.043691580419      0.000241859182
      1.782065517800      0.426474466778      0.000972642175
      0.842024880300      0.629824559126      0.000466922092
      0.365789762200      0.576077604405      0.010070860766
      0.138879442800      0.295505961502     -0.029055143227
*
*
45      4.578606084400      0.237811422400      0.032505585000
           5 s
      1.253432295600      0.095804707089      0.000073275565
      0.635369568800     -0.467179246606     -0.000119137675
      0.152022352300      0.522876541122      0.000022956356
      0.068678682800      0.125723196228      0.000146801975
      0.050732174300      0.695240109829     -0.102803462261
           3 p
      0.498003865500     -0.280932818558     -0.001870123471
      0.156388008600      0.612633174495      0.017473326129
      0.070095283900      0.738753913672     -0.091230089531
           6 d
     16.806748166500     -0.019302050094     -0.000058414693
      5.727778879400      0.043737343778      0.000215001858
      1.883033158000      0.509177049049      0.001226663372
      0.849835628800      0.670995619283      0.000245690856
      0.366273456400      0.493517225915      0.010433694808
      0.145430902100      0.211326370740     -0.005641223948
*
*
46     -0.502560791200     -0.191177530500      0.347790306200
           5 s
      1.371979379000      0.067107966767      0.000049115420
      0.644199641100     -0.415698739095     -0.000087608228
      0.107342614000      0.824666969548      0.000009832508
      0.049009000400      0.361511647954      0.000104271741
      0.018576196700      0.109200718135     -0.180312880716
           3 p
      0.588061218500     -0.279001862280     -0.002194856900
      0.146345907300      0.744305906563      0.004937050492
      0.067053979100      0.606767400491     -0.661795664000
           6 d
     18.256062944200     -0.015699956196     -0.000133965603
      3.781904163200      0.086175979604      0.000332387927
      1.908218886000      0.503069477228      0.026416146666
      0.883452311100      0.647101566082      0.001164964093
      0.374322129500      0.526611517614      0.000510222289
      0.135846028600      0.207817674145     -0.125978097670
*
*
47      3.099200733100      0.114703057600      0.018509744700
           5 s
      1.688339244500      0.042366710224      0.000068807053
      0.655669492600     -0.372861923595     -0.000434647765
      0.136602798200      0.576090657394      0.000018840105
      0.066610289800      0.055382586400      0.000146936507
      0.044054023900      0.724038238897     -0.184944521924
           3 p
      0.587049228400     -0.228417948775     -0.001662102941
      0.154438374600      0.662892263031      0.012292485076
      0.073680276800      0.713021099471     -0.182982967683
           6 d
     17.653994183200     -0.019353538357     -0.000051559850
      4.527478483900      0.047526409914      0.000221516730
      2.332240770200      0.446964576947      0.000684532336
      1.088964817400      0.676523302512      0.000545309049
      0.448555338900      0.545216651445      0.001204795571
      0.168643007000      0.206505137982     -0.000768074601
*
*
48      2.312948262600      0.545179233600      0.057517129100
           5 s
      1.350300867100      0.223699148541      0.001490725342
      0.861457488400     -0.530574318384     -0.002617962037
      0.404312259000      0.029991150443      0.005150322892
      0.128000549900      0.675555692784      0.003685963713
      0.047398127800      0.459537398321     -0.140617870426
           3 p
      0.766001276100     -0.114436550921     -0.008689846815
      0.154734224900      0.551015655028      0.003300591034
      0.038715971700      0.826611168402     -0.303780870360
           2 d
      0.105802050000      0.124989976336      0.652541338574
      0.035186065500      0.992158004461     -0.184124982354
*
*
49      1.799451986900      0.072839015200      0.021777828800
           5 s
      1.322866313500      0.366146672556      0.004302869046
      0.944242741000     -0.697419733103     -0.003985763166
      0.327106388800      0.170655792817      0.006240530754
      0.139414613300      0.470497922653      0.003973530917
      0.056601265000      0.359236183050     -0.116492881763
           4 p
      1.430533832800      0.254540006637      0.006649725111
      1.215015520500     -0.362242228925     -0.008240788907
      0.186697782800      0.389913838543      0.003484658949
      0.058570011100      0.807438636131     -0.267932811065
           2 d
      0.118629173100      0.122324768364      0.124935580926
      0.075773295300      0.992490126422     -0.331780023612
*
*
50      1.429369789200      0.121286554000      0.094783565800
           6 s
      2.250972003500      0.212454095914      0.002966785840
      1.183051311700     -0.638201472661     -0.003194130155
      0.460361143100      0.132343595254      0.003805542609
      0.183328901600      0.560800809418      0.003013655526
      0.127791336800      0.340014144192      0.002744423282
      0.050700208100      0.316133111400     -0.108573279054
           5 p
      2.294420868800      0.122169864900      0.001987006291
      1.598323742300     -0.266394892007     -0.003421301622
      0.221773977800      0.681638922720      0.005245226764
      0.077332158200      0.582571788478      0.002746956698
      0.065538188600      0.331793272876     -0.277526834828
           2 d
      0.196347768200      0.461394545577      0.070806334832
      0.089876156600      0.887195059337     -0.341005345306
*
*
51      0.416369277600      0.580321658800     -0.029581672900
           6 s
      1.954644393900      0.414928672206      0.002076513106
      1.397268252700     -0.735661683210     -0.003723332482
      0.339692485500      0.159784161164      0.002685435003
      0.222748925100      0.259664572569      0.002669229041
      0.145621282000      0.418384565250      0.002747264040
      0.052607060700      0.136505574951      0.001605286616
           5 p
      2.092640311900      0.163246356630      0.003266502978
      1.392791248500     -0.384769633267     -0.003850348852
      0.271443129100      0.636877277139      0.004282501904
      0.127583404200      0.573084512514      0.003688314922
      0.053383607100      0.302100035987     -0.326283686077
           2 d
      0.187916690100      0.946904508745      0.045872361037
      0.155191307700      0.321514931720     -0.048556274084
*
*
52      0.525987144700      0.288267617400     -0.071206244700
           6 s
      2.267470562600      0.332499458283      0.000989642273
      1.593437811400     -0.634770937296     -0.000832501767
      0.335668493500      0.098856165641      0.011649342491
      0.221054492700      0.652369459200      0.000943970824
      0.179420755600      0.034314066725      0.001272631524
      0.080280200700      0.223548785387     -0.037384113949
           5 p
      2.319078363500      0.194494945801      0.003944724316
      1.550008511900     -0.436015258994     -0.003379474932
      0.358144393800      0.474516961407      0.004683760881
      0.165135181700      0.664537315434      0.003614016542
      0.065433771300      0.324478380966     -0.241055963160
           2 d
      0.188241233000      0.917785961360      0.089706069901
      0.041288014700      0.397075470320     -0.327426375320
*
*
53      0.622545318100      0.038270926100      0.018361948100
           6 s
      2.592798716700      0.323907102090      0.002692785359
      1.620037652200     -0.731325181387     -0.001392870588
      0.341923472000      0.366186557591      0.008704391840
      0.274707351400      0.259590431875      0.002182180705
      0.205924867500      0.278543260560      0.002308928108
      0.101265447300      0.284923731901     -0.031768687405
           5 p
      0.946868326500     -0.528835729284     -0.001641005230
      0.656465437200      0.593977570855      0.008015127484
      0.218984201600      0.493837867077      0.005325679429
      0.185360380300      0.112344826827      0.003935764904
      0.083509619800      0.333205968854     -0.145386862934
           2 d
      0.245896382400      0.886303517865      0.088463687775
      0.122970515700      0.463104819905     -0.228255135353
*
*
54      0.334051851600      0.094871882300      0.160827562000
           6 s
      2.674288582200      0.355059414978      0.004668872909
      1.756764557600     -0.722243252007     -0.000828730417
      0.388329988800      0.448063295789      0.002216629436
      0.331536130300      0.082346236304      0.003445503230
      0.178723170200      0.373380529339      0.002128971035
      0.071874942200      0.073094852139     -0.035683938182
           5 p
      1.039917547500     -0.576526877003     -0.002761911737
      0.765992883800      0.639660864283      0.005030409347
      0.272248751500      0.323342810205      0.004669978893
      0.186266107700      0.342882188420      0.003416187076
      0.076165613400      0.190609471828     -0.103799519864
           2 d
      0.204434748300      0.666761914729      0.054757528100
      0.067178627400      0.745270789087     -0.413977025524
*
*
55      1.705837717400     -0.775024028700      0.276552972100
           4 s
      0.345891827600      0.545862936625      0.004372755906
      0.290627997900     -0.707110546857     -0.004417836960
      0.022917173200      0.379778801580      0.005366879013
      0.017246394300      0.240408799366     -0.159106383514
           3 p
      0.107935151300     -0.228509023869     -0.006452889576
      0.088908604900      0.206188834982      0.002027175698
      0.018860959100      0.951456667610     -0.306105721089
           2 d
      0.223597084300      0.392742102342      0.053002814545
      0.072718974100      0.919648650870     -0.066092517206
*
*
56      6.600499505300      0.917159139300     -0.426953596600
           4 s
      0.491472597800      0.225754529740      0.002248083127
      0.306551541500     -0.499622939956      0.000068048540
      0.036599622600      0.827356028875      0.000368287989
      0.030432079300      0.122040205081     -0.072927900791
           3 p
      0.134043257000     -0.209544523238     -0.062290039623
      0.095026215300      0.552490323083      0.001220188916
      0.026569527200      0.806749983378     -0.093842563168
           2 d
      0.303725044200      0.090831497537      0.115295288900
      0.094470755500      0.995866275689      0.003994751543
*
*
57     16.961946064400     -0.017493900300      2.432413685400
           4 s
      0.365206711800      0.126127922914      0.001266911580
      0.213553247500     -0.635653891060     -0.005344155462
      0.119998718300      0.443536280277      0.000032957429
      0.035438665800      0.619121511433     -0.023814649789
           2 p
      0.166855442200     -0.466697280166      0.001566097614
      0.109165765400      0.884417123695     -0.024661542111
           5 d
      3.119360037800     -0.020777248332     -0.000039660165
      0.577722952400      0.216408105824      0.000259930139
      0.329137518200      0.357017300708      0.014411356820
      0.139787040600      0.677889035407      0.000157079654
      0.052795262400      0.604765194398     -0.020121034285
*
*
72      1.302398954900     -0.377570687000      0.072152373100
           4 s
      0.683719122500      0.179963590335      0.000034268847
      0.467690822400     -0.518886927296     -0.000335628203
      0.103275431900      0.619464503722      0.000008831109
      0.034338739000      0.560921733813     -0.168650741999
           3 p
      0.378478442500     -0.199730370893     -0.000586776416
      0.124446838500      0.445973782744      0.002910881565
      0.050513282100      0.872476454724     -0.253400864296
           5 d
      6.614968332800     -0.014191213616     -0.000124159178
      0.981230092500      0.369786328728      0.000111752227
      0.390875056400      0.636034735489      0.001068692244
      0.158221984400      0.486854179020      0.000848259023
      0.062285772400      0.470626714248     -0.147527425967
*
*
73      2.299911707800      0.027759507200     -0.035062761100
           5 s
      0.696078766500      0.186429788982      0.000051972824
      0.449655188900     -0.684987490076     -0.000250590288
      0.218633460200      0.451532419532      0.000014608527
      0.082910012200      0.314544920828      0.000175081389
      0.039026549800      0.439563464260     -0.118679243721
           3 p
      0.385421004700     -0.231160665210     -0.001847341996
      0.147878181600      0.396613227283      0.000160396850
      0.079503340000      0.888404578333     -0.191999177793
           5 d
      6.039633595500     -0.021927033387     -0.000186568496
      1.079086716800      0.386990197425      0.007360782529
      0.446354045900      0.647655183044      0.013951402336
      0.183685624800      0.498114945228      0.000851313606
      0.072921444300      0.426827901526     -0.094716787641
*
*
74      1.987551065600     -0.037403489700     -0.056067273200
           5 s
      1.123015755700      0.131194676946      0.000218177171
      0.589628054000     -0.527568365502     -0.000091911378
      0.136260077300      0.610100255095      0.000025965445
      0.061637105500      0.236210548863      0.000190150697
      0.037740058100      0.525777359537     -0.156466813173
           3 p
      0.440984597200     -0.212382815893     -0.005050362676
      0.155086970500      0.377450403073      0.012145657015
      0.067186510500      0.901346067131     -0.209557224418
           5 d
      7.448901166200     -0.017377103047     -0.000088620830
      1.105060746800      0.483399369378      0.000713297210
      0.452604253000      0.701456348759      0.000947721628
      0.188315344400      0.429749914087      0.004061782493
      0.085878138100      0.298826183763     -0.071553133407
*
*
75      4.855512966000     -0.068843992800     -0.068677645300
           5 s
      1.125661865800      0.121027276760      0.000117628623
      0.609051753000     -0.498445224299     -0.000302842556
      0.141482371100      0.607704403042      0.000039628229
      0.054449978300      0.071747040959      0.000182032715
      0.047810397300      0.602040262184     -0.073153690190
           3 p
      0.434510505800     -0.233039121082     -0.000827601090
      0.204220871200      0.190727203065      0.001961905295
      0.119393547800      0.953580569253     -0.098668453458
           5 d
      7.059222535600     -0.023458186555     -0.000064075294
      1.551407572600      0.043856626327      0.000465660048
      1.113755109700      0.521078647938      0.000788593099
      0.445844601800      0.726204552332      0.004419857038
      0.159895887200      0.445679594155     -0.007768508215
*
*
76      0.728935428500     -0.068385648100      0.014364177300
           5 s
      1.033161240200      0.178848231321      0.000408925800
      0.658886221600     -0.543888672763     -0.000240137900
      0.136189501000      0.723731459284      0.000100582200
      0.055692997900      0.212031303625      0.000510547100
      0.030756966100      0.321642539037     -0.229275905527
           3 p
      0.504424466700     -0.336065100242     -0.001702372500
      0.160175249300      0.744227687392      0.003885982400
      0.064338280500      0.577222138971     -0.313900135739
           5 d
      6.837158000800     -0.030605820403     -0.000101419300
      1.303884173000      0.523592466852      0.000969515100
      0.575329906800      0.655837304965      0.000590232900
      0.265888290900      0.453235720545      0.002837859500
      0.112377229800      0.298946522730     -0.114858618611
*
*
77      1.402540770600     -0.013027002200     -0.135945035100
           5 s
      1.079460909200      0.170061381444      0.000106112320
      0.649242345900     -0.610613856250     -0.000384791481
      0.219942617700      0.485060833443      0.000064703302
      0.083492292700      0.470804098531      0.000174242861
      0.038851989400      0.375884734676     -0.193053993912
           3 p
      0.448705043300     -0.462757515885     -0.001286479573
      0.241858705700      0.526452680705      0.004058208947
      0.108175762700      0.713234222728     -0.111862231733
           5 d
      8.402425523300     -0.022056277331     -0.000385678464
      1.329828957500      0.590801668333      0.000600151921
      0.577761343100      0.649058090351      0.000748325867
      0.273438765200      0.403532127490      0.001530769783
      0.121061362600      0.257589453896     -0.065396217955
*
*
78      1.091581166000      0.839680916000      0.842082805200
           5 s
      1.369802383800      0.116496423511      0.000119273639
      0.725745391000     -0.485117003069     -0.000311330499
      0.131961578700      0.715370861445      0.000050033379
      0.077782189500      0.099729234883      0.000305997094
      0.039261116000      0.478945390360     -0.190098350049
           3 p
      0.547932556800     -0.271255417523     -0.002809177939
      0.148124765500      0.656464922878      0.012115336041
      0.055046113600      0.703899356084     -0.300793289291
           5 d
      8.476017664700     -0.026129113597     -0.000083429115
      1.425761091600      0.588021546234      0.006127639740
      0.620329977400      0.655821221418      0.000787708736
      0.269675351300      0.431554839071      0.000651293570
      0.106042633600      0.192890842183     -0.043923869542
*
*
79      0.575867022500     -0.147766048500     -0.011037442900
           5 s
      1.310123518500      0.118835795001      0.000115037264
      0.742420501700     -0.486682687263     -0.000507966923
      0.149240097800      0.731445703049      0.000035147251
      0.056981966400      0.062461009844      0.000199609554
      0.046227560900      0.458370834025     -0.221641904291
           3 p
      0.555119054400     -0.325479913579     -0.001821363516
      0.182154764200      0.693935834511      0.019337608666
      0.067945967100      0.642273994054     -0.375707458419
           5 d
      8.872402737800     -0.027268424918     -0.000077503101
      1.496889284300      0.632705667129      0.000696182292
      0.662873156300      0.635044137955      0.000889758651
      0.304430836400      0.401604671197      0.001065736380
      0.132425131800      0.185398497046     -0.059426216218
*
*
80      2.616947202400      0.046670156000      0.024422761000
           5 s
      1.441411186700      0.241608790372      0.001700363291
      0.885905465500     -0.577193143419     -0.001446713164
      0.307283362700      0.036222240619      0.009434130434
      0.137332149700      0.654202104394      0.004476360816
      0.058781080000      0.423297559047     -0.103350480753
           3 p
      0.601613834500     -0.149468360494     -0.010100502196
      0.145553015900      0.651741556956      0.004224611008
      0.027750975800      0.743567180656     -0.242104093246
           2 d
      0.077746138900      0.567480920441     -0.165569956071
      0.038545708800      0.823386546487      0.969591590264
*
*
81      2.207177242800      0.045623977000      0.020032215700
           5 s
      1.427432497200      0.335327629448      0.002734425710
      0.967143688000     -0.659393637085     -0.002605160282
      0.259840155300      0.037630322386      0.002216081573
      0.167969481600      0.594199545472      0.005911548738
      0.060673236800      0.313474514591     -0.071749166056
           4 p
      1.170584293600      0.423914965265      0.002816551155
      1.068715026500     -0.513122333673     -0.007321032223
      0.168872981200      0.375839076081      0.009058805242
      0.051819772600      0.644784120308     -0.181939492856
           2 d
      0.609794971900      0.000749092400      0.078248131859
      0.085873023600      0.999999719430     -0.044967290697
*
*
82      1.261486227700      0.107262078200      0.099253571300
           5 s
      1.407215073600      0.319333836159      0.003551746566
      1.034312431000     -0.652407094189     -0.003033686019
      0.511427427200      0.070340144834      0.002609381328
      0.187689547500      0.633905774097      0.006496567029
      0.063901448700      0.256137888893     -0.071904494748
           5 p
      1.270742190500      0.358390175173      0.002698117640
      1.019223853300     -0.565143396578     -0.003925033554
      0.221524629200      0.509283362493      0.004623116733
      0.074068850300      0.510101822388      0.004653398948
      0.064399927000      0.180543654357     -0.220819750578
           2 d
      0.203471584700      0.046189980861      0.330420534103
      0.084083059700      0.998932673241     -0.062381493061
*
*
83      1.067777678900      0.180308647600      0.012835654800
           6 s
      1.610319451400      0.076182688476      0.001010348406
      1.012668128400     -0.470970142786     -0.002370294255
      0.385271148200      0.138551136174      0.002573085278
      0.192876907200      0.829521031100      0.001623196413
      0.162034570300      0.101022258792      0.002234586663
      0.060941601600      0.234256840748      0.000301732378
           5 p
      1.382465095900      0.465293767392      0.002373796944
      1.193161990800     -0.641544815455     -0.001627377412
      0.273851308600      0.351414465461      0.002194604097
      0.139237255600      0.288166215351      0.002412275097
      0.064254704400      0.406681774343     -0.184409668874
           2 d
      0.072460003700      0.984489152796      2.968851802102
      0.034695634100      0.175445455990     -5.408253466649
*
*
84      0.573143455500      0.359695132100      0.060382642800
           6 s
      1.797678483000      0.397390897661      0.003707201412
      1.350924822400     -0.727889379781     -0.001059391151
      0.695689178100      0.072998241457      0.002157336959
      0.254374787900      0.520384969839      0.002062373939
      0.146623949300      0.151721919593      0.001718976061
      0.072260965600      0.114493337288     -0.037253820802
           5 p
      1.659601390700      0.229919950254      0.005938695084
      1.245517554200     -0.445296382527     -0.001195292929
      0.251887068300      0.697691846836      0.003057080129
      0.146655893200      0.237187738173      0.002572672335
      0.077299534200      0.453669496332     -0.250095025826
           2 d
      0.156413929200      0.745132599494      0.137011114688
      0.042487880400      0.666916343457     -0.488379586788
*
*
85      0.647466680700      0.056946062700     -0.079780427900
           6 s
      1.963883870900      0.330949863797      0.002455112600
      1.306066688100     -0.751962434604     -0.001023411126
      0.546200682200      0.062912828738      0.001297075841
      0.379279287800      0.303361717172      0.001747814522
      0.233827950200      0.428220206005      0.001589864906
      0.105225763500      0.213695541137     -0.015586435683
           5 p
      1.920280825700      0.110689849124      0.002934163113
      1.232175992700     -0.331039221715     -0.001831270591
      0.326240395900      0.623602348835      0.009484953294
      0.141549793300      0.637533237059      0.002836066854
      0.064422218500      0.287805964427     -0.187468330430
           2 d
      0.190850370300      0.370332302836      0.056905140161
      0.164320129400      0.928899340874     -0.052317786714
*
*
86      2.101511868500      0.001953251800     -0.704303994500
           6 s
      1.962831680000      0.390065981534      0.004010920322
      1.464210452700     -0.729566047310     -0.001421152919
      0.365189923900      0.507560928331      0.001388769772
      0.215665779200      0.047026041015      0.001334529485
      0.155879262600      0.227627381914      0.002048598006
      0.095198892100      0.062754626636     -0.018525388882
           5 p
      1.755581068900      0.305024830016      0.002524675609
      1.456266191400     -0.483644505755     -0.003264254116
      0.376033265300      0.503350949334      0.000429667954
      0.160906587800      0.629624084884      0.026928617928
      0.057968212400      0.152509601880     -0.014586433259
           2 d
      0.160481402000      0.002033648499      0.330314808573
      0.024349518000      0.999997932135     -0.408771069451
*
*
